1000 3 10876 4369
1000 0 10375 3700
1000 0 10292 3918
1000 11 10650 4045
1000 0 11775 3996
1000 0 10878 4019
1000 1 10589 4356
1000 0 10997 3770
1000 2 10711 5062
1000 1 11653 3502
2000 0 25549 7928
2000 0 23324 10422
2000 0 22851 9188
2000 0 23680 9072
2000 0 25421 8012
2000 1 22856 8639
2000 1 23041 9572
2000 0 23839 9764
2000 1 23721 8238
2000 1 24027 8871
3000 1 38709 14421
3000 0 38960 14030
3000 0 38321 14155
3000 1 38306 15841
3000 0 40755 12911
3000 0 40349 15051
3000 1 36789 15250
3000 0 36974 14771
3000 1 36911 14634
3000 1 39487 15088
4000 1 55122 19139
4000 1 51776 20834
4000 1 50914 20011
4000 2 52274 21123
4000 0 51366 19174
4000 0 52331 21008
4000 1 53255 22293
4000 1 53710 20262
4000 1 50139 20322
4000 1 54611 21637
5000 0 70161 25848
5000 1 68389 25259
5000 1 66858 24167
5000 1 70364 23144
5000 1 66186 23124
5000 1 70365 23450
5000 1 67814 28823
5000 1 67602 26111
5000 1 69933 27763
5000 0 70405 24517
6000 1 80539 31692
6000 1 82657 31720
6000 0 83598 32091
6000 1 82903 33077
6000 0 84906 31223
6000 1 83297 30077
6000 1 84434 30691
6000 0 81371 31213
6000 1 83758 31566
6000 1 83594 31563
7000 1 102704 36547
7000 1 103782 40525
7000 1 98142 35461
7000 1 98206 36045
7000 3 107306 38732
7000 1 96600 36171
7000 1 100171 33657
7000 1 100579 34583
7000 2 95976 38981
7000 1 102284 40660
8000 1 110736 43749
8000 1 113668 49618
8000 1 111647 41179
8000 8 122414 40161
8000 2 117510 40540
8000 1 116991 39208
8000 1 114724 41676
8000 1 117713 42458
8000 1 123944 40324
8000 1 114917 40167
9000 1 127398 50394
9000 1 126435 48420
9000 1 128312 50455
9000 2 134867 45174
9000 1 129110 45147
9000 1 134486 46319
9000 2 131706 49706
9000 2 129583 48321
9000 1 135794 56144
9000 2 128203 48156
10000 2 147830 55341
10000 2 146327 53611
10000 1 152801 54449
10000 2 147074 56366
10000 1 145772 54554
10000 1 143373 53817
10000 2 155099 50610
10000 1 159496 51123
10000 1 147049 52406
10000 2 148203 50440
11000 1 163056 61529
11000 2 169027 57896
11000 2 160781 60543
11000 1 161211 61421
11000 2 167345 62491
11000 1 162275 60254
11000 2 170982 68787
11000 2 174012 70566
11000 1 172025 58235
11000 2 159297 59368
12000 1 184861 71672
12000 1 179975 67179
12000 2 188936 67211
12000 2 175637 63204
12000 2 179348 64620
12000 1 175990 72803
12000 2 188442 66883
12000 4 191647 79515
12000 9 190439 65541
12000 20 188582 67550
13000 18 217164 88122
13000 2 201006 76511
13000 2 195868 74790
13000 2 202371 77000
13000 2 198441 70707
13000 2 195303 75651
13000 3 207727 82416
13000 2 197316 65399
13000 2 208722 71364
13000 2 198364 78121
14000 2 217858 77843
14000 1 218334 80917
14000 2 215813 81217
14000 2 223688 89446
14000 2 226356 81019
14000 3 218810 79213
14000 6 211926 78888
14000 2 226719 74566
14000 3 219842 86991
14000 2 213143 82341
15000 2 243149 81414
15000 3 236785 82468
15000 2 237383 87511
15000 3 233067 89090
15000 2 249276 88486
15000 2 230541 85551
15000 2 228812 90748
15000 4 239578 81694
15000 2 233554 79833
15000 2 250710 102661
16000 3 249580 91431
16000 2 268398 86082
16000 3 257615 86766
16000 2 253502 92617
16000 2 250211 86253
16000 3 257117 85997
16000 3 249694 93746
16000 3 245464 95307
16000 3 267497 102322
16000 3 262602 105319
17000 3 289244 99749
17000 4 270089 92855
17000 3 275576 93576
17000 2 261710 100316
17000 3 271431 105626
17000 3 265044 95668
17000 2 264058 100099
17000 3 282213 94669
17000 2 275536 101869
17000 4 262114 98191
18000 3 290891 105632
18000 4 284947 108126
18000 3 283161 109881
18000 5 296683 106046
18000 2 276568 101822
18000 2 285824 113082
18000 4 281149 107413
18000 2 290410 105181
18000 2 290276 103602
18000 3 295527 104453
19000 3 297834 114346
19000 3 299342 121305
19000 3 303952 108860
19000 3 305744 109424
19000 3 297907 110480
19000 4 300926 126019
19000 3 306274 108353
19000 4 300805 106673
19000 3 314575 104483
19000 3 296310 110958
20000 3 322349 111107
20000 3 320167 115223
20000 3 313818 112461
20000 3 310091 111284
20000 3 350227 115282
20000 3 326298 128062
20000 3 326362 111398
20000 4 320393 111173
20000 3 319894 114329
20000 3 326035 120655
21000 3 355044 113287
21000 3 349373 124885
21000 3 340430 125328
21000 3 340160 118363
21000 3 358900 126423
21000 3 348047 136192
21000 4 345354 125873
21000 3 353583 138824
21000 4 345357 125746
21000 3 349281 130314
22000 4 351674 131895
22000 4 362972 125896
22000 4 375789 120973
22000 3 364022 136369
22000 4 343896 137539
22000 4 370954 151144
22000 4 358561 158080
22000 3 348165 134599
22000 3 352316 124795
22000 4 349196 126637
23000 3 383202 134727
23000 4 394295 128386
23000 3 380305 142627
23000 4 374976 141776
23000 3 374813 140981
23000 3 366078 143441
23000 4 371773 132436
23000 5 364931 143601
23000 4 373901 142652
23000 4 372348 140788
24000 4 387533 143304
24000 5 393215 144866
24000 4 392500 147116
24000 4 385691 137692
24000 5 391854 137926
24000 5 412232 148667
24000 4 406292 141053
24000 5 414707 146010
24000 4 398751 147964
24000 4 399368 172938
25000 3 433930 142397
25000 4 404364 149812
25000 4 414700 146761
25000 4 422288 147523
25000 4 417916 139030
25000 8 431812 149088
25000 5 449958 151936
25000 4 411786 145390
25000 4 414336 143458
25000 4 399627 141794
26000 4 422828 157537
26000 4 426393 152989
26000 3 431092 152663
26000 4 438077 157864
26000 3 423776 162189
26000 4 433993 163710
26000 5 427350 154863
26000 5 427222 154167
26000 4 458119 155267
26000 4 454451 162686
27000 4 433913 160413
27000 4 451384 149643
27000 4 477933 172569
27000 4 466067 155256
27000 4 468298 160493
27000 4 461389 177565
27000 4 457392 176490
27000 4 471212 152758
27000 4 510647 158640
27000 3 451097 178275
28000 11 479067 188482
28000 4 469206 174415
28000 4 478130 203962
28000 4 493953 170338
28000 5 473154 180211
28000 5 488655 165071
28000 5 502596 168614
28000 5 464941 173416
28000 9 465474 166034
28000 5 471642 162722
29000 5 498002 205992
29000 5 472678 178523
29000 4 496344 169121
29000 5 551577 230060
29000 5 544260 163784
29000 4 495154 173597
29000 5 503863 177850
29000 5 485622 175231
29000 6 513380 174598
29000 4 486401 165765
30000 6 504537 172244
30000 4 496869 189212
30000 4 520185 207783
30000 6 519468 171843
30000 5 498642 179863
30000 7 509838 183656
30000 5 494807 193423
30000 5 523595 172954
30000 6 537179 177563
30000 4 510758 181451
31000 5 533357 200838
31000 5 547164 202954
31000 5 519465 188738
31000 5 523911 190078
31000 5 544405 194743
31000 6 529374 203837
31000 6 521841 180115
31000 5 544220 185311
31000 5 541817 204396
31000 6 535279 198195
32000 6 529778 203683
32000 6 540263 209257
32000 6 539174 213274
32000 6 561721 211601
32000 5 532201 201308
32000 5 551997 204155
32000 5 559172 199114
32000 7 527361 196665
32000 8 556664 217244
32000 9 531512 214629
33000 6 589776 197215
33000 6 556359 218320
33000 5 568253 207080
33000 7 553301 216481
33000 6 564434 209138
33000 6 583177 196721
33000 6 555425 209924
33000 6 567268 205231
33000 6 577002 205439
33000 6 590368 207243
34000 6 584880 223850
34000 6 574257 214685
34000 6 590262 215231
34000 6 593706 210239
34000 6 575325 210209
34000 6 602100 217118
34000 6 589656 211070
34000 6 602596 209485
34000 6 582369 198740
34000 7 587074 197663
35000 5 603147 198107
35000 6 632744 203191
35000 6 624331 217372
35000 6 643598 242519
35000 7 591498 220317
35000 6 606794 244291
35000 7 591530 219467
35000 6 620351 251569
35000 7 621957 215545
35000 6 610105 210872
36000 6 644822 228125
36000 6 622992 228320
36000 6 676574 216007
36000 6 620306 235760
36000 7 623149 213243
36000 6 626631 248489
36000 6 640859 235576
36000 10 618766 222434
36000 10 609508 220821
36000 8 632733 219799
37000 9 646772 227618
37000 7 624441 224446
37000 7 667432 221217
37000 6 698822 224588
37000 7 620004 239503
37000 7 633068 240048
37000 6 660073 252233
37000 9 647777 227687
37000 6 632017 219853
37000 8 654130 217314
38000 9 661230 232928
38000 8 644306 232452
38000 7 657245 248974
38000 7 641521 242670
38000 7 642304 246610
38000 6 692690 237048
38000 6 677119 230277
38000 6 676610 229403
38000 6 683528 221100
38000 6 658997 260215
39000 6 672419 247903
39000 6 674035 279347
39000 12 681732 231373
39000 6 678032 225512
39000 7 691725 256895
39000 6 703574 234416
39000 7 673028 238982
39000 14 722671 255040
39000 14 718705 226103
39000 7 658180 242051
40000 8 757429 293884
40000 6 676598 264968
40000 10 755042 241438
40000 6 680460 264393
40000 6 706436 280658
40000 7 718771 236285
40000 7 724617 234703
40000 7 685732 234669
40000 7 679897 247803
40000 6 692901 237472
41000 8 729066 252427
41000 7 723709 242466
41000 7 725435 262199
41000 8 745504 246148
41000 8 736131 257540
41000 10 711779 263734
41000 7 712569 258624
41000 7 686437 262789
41000 7 705114 278306
41000 8 726611 268542
42000 8 773569 288820
42000 7 752298 252482
42000 8 707767 262782
42000 7 752093 281940
42000 7 741474 254887
42000 7 731974 278700
42000 8 737363 248192
42000 5 745848 266697
42000 7 741611 260301
42000 7 739486 275333
43000 7 763560 270482
43000 8 750445 262202
43000 7 783483 268293
43000 6 752213 263729
43000 7 753123 270683
43000 8 748088 282648
43000 7 773522 268354
43000 8 754092 259169
43000 7 753267 264705
43000 8 805011 309611
44000 8 757852 262824
44000 7 792769 296362
44000 6 789147 262450
44000 7 845365 288034
44000 15 761470 284550
44000 9 781857 302559
44000 9 790769 265538
44000 10 761603 268801
44000 13 791157 271689
44000 7 760255 284028
45000 6 793733 299447
45000 6 789252 290519
45000 6 791814 285653
45000 11 798366 272355
45000 6 821000 288756
45000 6 781134 272724
45000 7 822785 273633
45000 10 802462 285522
45000 6 798626 295041
45000 16 821572 278264
46000 15 802728 325429
46000 7 822574 297435
46000 13 795455 294757
46000 7 809549 312838
46000 10 860043 287759
46000 8 797730 285335
46000 11 834378 279856
46000 12 811262 300508
46000 15 808149 302403
46000 10 820882 282918
47000 10 805506 300677
47000 10 856135 293296
47000 10 819067 299951
47000 13 888757 291933
47000 7 821947 288736
47000 5 816771 304138
47000 8 804183 303230
47000 6 813362 299155
47000 9 843889 303095
47000 6 828082 324634
48000 9 874994 289065
48000 8 870530 335757
48000 9 874796 304126
48000 9 837880 302892
48000 8 861584 295860
48000 9 833272 327332
48000 9 898869 301525
48000 8 830904 302735
48000 9 844192 340233
48000 11 854656 315734
49000 7 876719 315368
49000 9 885961 300811
49000 8 900418 298236
49000 8 875900 333013
49000 14 856815 319000
49000 9 877341 305960
49000 9 875885 329110
49000 9 909300 299715
49000 9 875146 302741
49000 8 870305 305749
50000 8 870437 326444
50000 9 914886 345332
50000 9 926041 326123
50000 9 873355 327718
50000 9 897704 320093
50000 9 870829 336682
50000 9 881131 342413
50000 8 878921 322430
50000 8 880753 335680
50000 7 891122 313036
