1000 71 121205 67483
1000 9 122208 68085
1000 8 122905 68695
1000 9 121102 67282
1000 9 121299 67569
1000 9 120105 66738
1000 10 121474 67906
1000 10 121440 67489
1000 8 120941 67112
1000 7 122974 68459
2000 19 280028 155830
2000 9 280782 156337
2000 11 281411 156760
2000 13 284077 158625
2000 14 278434 154761
2000 9 281186 156605
2000 10 278382 155176
2000 14 279978 155651
2000 17 279523 155324
2000 14 280465 156511
3000 24 452393 252888
3000 10 453119 253106
3000 13 454877 254000
3000 12 450313 250100
3000 13 454210 253506
3000 12 452977 253108
3000 15 453131 252527
3000 20 453533 253250
3000 24 451477 250869
3000 22 451835 252443
4000 32 631594 352426
4000 18 633198 353245
4000 18 635740 355771
4000 14 635529 353732
4000 13 637109 357775
4000 14 634704 354772
4000 13 637102 356031
4000 10 638472 357875
4000 18 635152 355281
4000 8 634429 354116
5000 16 821767 460571
5000 15 820445 459477
5000 14 825764 463416
5000 12 820398 459206
5000 10 822465 460275
5000 14 821586 459879
5000 13 819032 458755
5000 10 820544 460614
5000 10 822796 461196
5000 8 815906 457127
6000 12 1023073 572395
6000 15 1018726 570629
6000 12 1021963 572632
6000 12 1022872 572538
6000 11 1016880 568439
6000 11 1019511 571062
6000 11 1021204 572312
6000 11 1017764 569067
6000 11 1017548 569783
6000 12 1021602 571527
7000 18 1215140 682653
7000 17 1211894 680225
7000 13 1212802 679714
7000 13 1214050 683212
7000 14 1214385 681233
7000 17 1215137 682432
7000 14 1213706 681330
7000 13 1212753 680907
7000 12 1209926 678455
7000 15 1212154 679532
8000 15 1420325 797981
8000 16 1421365 799537
8000 20 1416877 795465
8000 21 1424434 800090
8000 20 1419983 796510
8000 20 1413889 794547
8000 15 1418329 796799
8000 15 1422404 797652
8000 19 1420746 798351
8000 15 1419618 797349
9000 20 1633340 916328
9000 17 1633345 916402
9000 17 1629225 913776
9000 25 1637190 920009
9000 23 1634713 917324
9000 23 1624105 909827
9000 27 1631622 914993
9000 25 1632608 916591
9000 28 1628121 914058
9000 41 1629265 912301
10000 28 1841015 1032723
10000 21 1837461 1033078
10000 21 1838649 1032737
10000 26 1833662 1031112
10000 20 1834564 1030289
10000 20 1834278 1031018
10000 21 1842867 1035131
10000 29 1837100 1031970
10000 30 1834599 1029272
10000 25 1835675 1031750
11000 27 2049925 1155607
11000 26 2050645 1152752
11000 29 2039783 1147103
11000 31 2042947 1147618
11000 29 2043095 1150265
11000 27 2047162 1149894
11000 22 2041076 1148545
11000 25 2043714 1148906
11000 29 2046833 1148921
11000 23 2046482 1151201
12000 32 2264423 1272748
12000 27 2270620 1275916
12000 24 2261862 1271546
12000 24 2263890 1272629
12000 32 2274321 1277492
12000 31 2276097 1281474
12000 26 2265434 1275839
12000 31 2271334 1277643
12000 32 2267012 1275118
12000 30 2267511 1275432
13000 33 2490427 1398950
13000 33 2490969 1401184
13000 28 2493193 1399584
13000 30 2484665 1395971
13000 35 2489833 1397819
13000 28 2496086 1404761
13000 38 2480343 1392783
13000 27 2500303 1404838
13000 27 2490544 1400033
13000 27 2495869 1402877
14000 29 2705097 1521820
14000 26 2709256 1523618
14000 26 2705812 1522629
14000 36 2697574 1517990
14000 35 2700549 1519697
14000 35 2701615 1519895
14000 35 2702337 1522170
14000 31 2696724 1517677
14000 29 2699183 1517842
14000 27 2705229 1520908
15000 29 2923784 1646988
15000 30 2927039 1649189
15000 28 2936709 1654577
15000 37 2923211 1648179
15000 30 2919207 1643265
15000 29 2934932 1653210
15000 30 2909795 1637938
15000 29 2932096 1652304
15000 29 2920563 1644293
15000 35 2926538 1646413
16000 34 3148831 1774853
16000 34 3139150 1770527
16000 35 3144518 1771695
16000 35 3142072 1769953
16000 34 3153737 1779145
16000 34 3145933 1775088
16000 33 3147841 1774367
16000 32 3143078 1770582
16000 34 3143594 1772666
16000 32 3154699 1780940
17000 33 3377176 1904059
17000 36 3385294 1908078
17000 33 3385111 1906757
17000 35 3384051 1907587
17000 41 3379898 1904282
17000 41 3375409 1899460
17000 41 3380124 1904724
17000 40 3371771 1898623
17000 41 3373626 1901531
17000 42 3368260 1894590
18000 43 3605405 2029353
18000 37 3612210 2036323
18000 36 3607639 2032238
18000 36 3606924 2033665
18000 36 3616269 2036356
18000 35 3604898 2030808
18000 36 3605584 2030468
18000 36 3604599 2028115
18000 44 3609355 2034991
18000 43 3601011 2026548
19000 39 3840307 2162325
19000 38 3830895 2160833
19000 42 3835497 2161927
19000 46 3840642 2163390
19000 37 3848934 2170052
19000 37 3835055 2162381
19000 38 3826674 2154641
19000 38 3849368 2168690
19000 37 3831726 2159459
19000 40 3841622 2166504
20000 39 4066578 2288797
20000 47 4068951 2293083
20000 40 4076955 2295386
20000 39 4081768 2299864
20000 39 4066424 2292001
20000 41 4077095 2296034
20000 39 4078710 2300238
20000 41 4072879 2295875
20000 40 4069990 2292188
20000 41 4087235 2303713
21000 41 4293293 2424627
21000 41 4290658 2420564
21000 42 4290197 2418671
21000 44 4294086 2426076
21000 42 4291742 2420833
21000 48 4293281 2423912
21000 42 4283702 2416515
21000 40 4296877 2424498
21000 41 4303981 2426827
21000 49 4299709 2424348
22000 44 4533891 2559426
22000 45 4531011 2558419
22000 46 4537271 2561434
22000 53 4528436 2557644
22000 54 4526764 2555097
22000 53 4516974 2547737
22000 46 4527153 2555785
22000 49 4534983 2561713
22000 51 4540850 2563706
22000 48 4527463 2553299
23000 58 4758769 2688379
23000 73 4757785 2688183
23000 65 4756840 2688731
23000 54 4762252 2687619
23000 56 4754420 2686769
23000 63 4755713 2687729
23000 58 4764655 2690451
23000 63 4767988 2690106
23000 55 4752757 2683137
23000 53 4759876 2686229
24000 59 4996452 2820982
24000 51 4998357 2818252
24000 50 4994808 2822905
24000 54 5003839 2826708
24000 59 4991329 2819336
24000 56 4984071 2813279
24000 51 4995911 2821591
24000 49 4998291 2824764
24000 52 5000663 2823414
24000 47 4998518 2824422
25000 55 5232951 2954518
25000 65 5234396 2954107
25000 60 5233388 2950764
25000 52 5238960 2954740
25000 53 5242911 2959381
25000 54 5247903 2964902
25000 61 5239109 2956313
25000 52 5240342 2956686
25000 53 5232418 2952817
25000 51 5243488 2960218
26000 52 5488291 3098131
26000 53 5477558 3089247
26000 55 5488701 3099772
26000 54 5471772 3088273
26000 54 5493369 3101171
26000 54 5472475 3092765
26000 62 5486541 3097531
26000 55 5483849 3097597
26000 55 5480361 3094911
26000 54 5471775 3091513
27000 57 5739849 3238679
27000 64 5719041 3225044
27000 60 5732211 3232467
27000 58 5737946 3237266
27000 58 5728624 3232899
27000 64 5720346 3227512
27000 62 5727685 3232314
27000 58 5741203 3241176
27000 70 5736583 3237651
27000 85 5722307 3229274
28000 88 5967094 3370882
28000 91 5941589 3349622
28000 87 5964949 3369055
28000 61 5972311 3372844
28000 58 5959991 3367598
28000 56 5948764 3358149
28000 60 5948720 3355605
28000 65 5952974 3360210
28000 57 5963215 3364251
28000 60 5955945 3360204
29000 66 6212650 3505417
29000 61 6217001 3511204
29000 81 6215647 3510870
29000 79 6215675 3510358
29000 65 6204102 3504714
29000 69 6210113 3505566
29000 65 6215618 3508235
29000 72 6217016 3512914
29000 73 6216733 3511801
29000 68 6223307 3515318
30000 76 6449792 3641485
30000 67 6458094 3645793
30000 75 6448536 3644056
30000 74 6452750 3644446
30000 60 6428423 3629542
30000 75 6446896 3639014
30000 60 6455601 3641588
30000 61 6455169 3646824
30000 61 6464444 3653193
30000 61 6447053 3640129
31000 62 6697492 3789587
31000 63 6679367 3774868
31000 64 6692307 3783300
31000 68 6697665 3784461
31000 64 6671752 3769381
31000 84 6689459 3783343
31000 80 6699917 3789909
31000 75 6672325 3770946
31000 79 6675038 3773401
31000 72 6697733 3787942
32000 69 6933035 3921844
32000 76 6920262 3913810
32000 67 6917962 3910821
32000 65 6919873 3916058
32000 69 6919271 3914135
32000 71 6928927 3915840
32000 82 6914124 3908574
32000 82 6929653 3918838
32000 107 6902469 3904096
32000 104 6928499 3917950
33000 115 7166566 4052755
33000 112 7156431 4046598
33000 130 7184751 4063438
33000 117 7177252 4058346
33000 118 7158902 4050580
33000 130 7178131 4057323
33000 130 7175025 4057404
33000 140 7186435 4062413
33000 137 7169913 4051895
33000 112 7176576 4061114
34000 107 7412613 4189101
34000 112 7414884 4194675
34000 133 7410747 4190790
34000 114 7418351 4193527
34000 102 7427739 4199439
34000 103 7421531 4195635
34000 96 7412668 4192350
34000 96 7424899 4199479
34000 96 7418144 4195740
34000 82 7409270 4187638
35000 85 7676387 4345894
35000 114 7664053 4334398
35000 80 7657222 4329714
35000 76 7657914 4332618
35000 75 7647114 4324649
35000 76 7663480 4331645
35000 77 7651248 4330248
35000 73 7660136 4338037
35000 74 7659241 4333367
35000 79 7662068 4334366
36000 75 7902200 4469305
36000 74 7916093 4476105
36000 78 7922676 4483477
36000 84 7915853 4477047
36000 83 7906524 4475130
36000 85 7902538 4472791
36000 76 7926068 4484693
36000 76 7912981 4478082
36000 82 7903568 4469147
36000 81 7909608 4472867
37000 78 8165990 4618992
37000 79 8157312 4611261
37000 79 8170586 4626208
37000 91 8156875 4613788
37000 76 8165867 4618104
37000 78 8135443 4597655
37000 83 8169604 4622631
37000 83 8144185 4604780
37000 105 8156990 4608781
37000 110 8161925 4612421
38000 116 8407800 4754314
38000 109 8432233 4769430
38000 101 8409917 4752596
38000 103 8419579 4762529
38000 101 8441819 4775239
38000 133 8420038 4759092
38000 105 8438322 4774014
38000 93 8408172 4756616
38000 114 8413323 4757776
38000 119 8421009 4765439
39000 118 8684615 4912736
39000 120 8667467 4902081
39000 108 8680818 4906811
39000 116 8683406 4911994
39000 107 8689394 4913750
39000 101 8685568 4911053
39000 101 8650438 4888528
39000 101 8674864 4904405
39000 104 8678651 4906301
39000 108 8684289 4909493
40000 103 8933076 5048218
40000 109 8947728 5053643
40000 108 8951104 5063058
40000 108 8936925 5053926
40000 107 8923945 5047003
40000 119 8940693 5056368
40000 107 8924624 5039018
40000 107 8951275 5062014
40000 114 8928959 5048114
40000 111 8934395 5051177
41000 106 9193297 5197949
41000 105 9200160 5199805
41000 106 9162256 5177888
41000 151 9189365 5191639
41000 135 9195834 5200772
41000 111 9199568 5196846
41000 153 9165869 5178685
41000 180 9202446 5203560
41000 149 9173939 5187307
41000 152 9170008 5175981
42000 113 9431560 5331303
42000 140 9443634 5345967
42000 159 9430700 5332050
42000 136 9416335 5324288
42000 125 9425338 5334558
42000 144 9408351 5319221
42000 147 9419976 5328343
42000 136 9428815 5334185
42000 128 9405964 5318476
42000 118 9437060 5337839
43000 137 9682344 5477697
43000 125 9689068 5485150
43000 138 9686135 5480203
43000 155 9676169 5472195
43000 110 9690005 5483606
43000 96 9686380 5483308
43000 104 9688125 5482204
43000 95 9682972 5478795
43000 101 9690917 5488906
43000 102 9672224 5472089
44000 96 9922889 5616034
44000 105 9953365 5630703
44000 122 9944981 5633849
44000 146 9948405 5629912
44000 148 9925039 5615625
44000 159 9949127 5629442
44000 124 9919985 5611157
44000 149 9946737 5627347
44000 134 9945463 5630243
44000 137 9924625 5618690
45000 129 10189200 5768326
45000 127 10167406 5753742
45000 164 10198858 5767591
45000 140 10187217 5761292
45000 179 10208464 5783018
45000 118 10192223 5770718
45000 120 10193210 5768237
45000 149 10195706 5773159
45000 153 10190392 5765418
45000 137 10194903 5766351
46000 137 10447572 5913551
46000 156 10421682 5898685
46000 137 10443138 5909607
46000 117 10436463 5908393
46000 113 10447145 5912939
46000 113 10442735 5911957
46000 114 10458707 5920795
46000 103 10455599 5918465
46000 147 10435288 5907210
46000 139 10440172 5910742
47000 105 10673848 6042160
47000 104 10710877 6070054
47000 98 10674261 6046969
47000 98 10675156 6046287
47000 98 10685139 6050130
47000 99 10696872 6059457
47000 102 10697442 6055057
47000 98 10671746 6047786
47000 103 10696712 6062993
47000 97 10675580 6042403
48000 99 10923050 6185584
48000 108 10933488 6196950
48000 101 10939898 6201560
48000 101 10956772 6208782
48000 100 10935065 6199249
48000 100 10943363 6199963
48000 100 10959441 6211502
48000 99 10946564 6204937
48000 100 10920140 6186583
48000 102 10931981 6194454
49000 102 11196074 6344596
49000 102 11204320 6352126
49000 102 11149647 6312396
49000 102 11202010 6346889
49000 101 11202422 6346678
49000 101 11196628 6343879
49000 102 11196769 6340273
49000 103 11205611 6349097
49000 103 11198309 6342530
49000 102 11209057 6348581
50000 104 11468015 6493101
50000 104 11430694 6477797
50000 112 11469685 6498696
50000 105 11479940 6506056
50000 106 11470307 6494652
50000 106 11457176 6489765
50000 105 11466204 6492198
50000 122 11457639 6487374
50000 123 11483868 6508172
50000 106 11474285 6501364
