1000 57 69377 33048
1000 9 68769 32660
1000 4 68691 32821
1000 3 70752 33361
1000 3 68366 32647
1000 4 70463 32895
1000 4 69166 32822
1000 4 69769 32777
1000 3 70315 33236
1000 3 69851 32582
2000 6 161179 75837
2000 6 159015 75505
2000 6 161723 74933
2000 5 159261 75161
2000 8 158384 75389
2000 8 162542 76440
2000 4 159371 74420
2000 9 160679 75934
2000 6 157199 74421
2000 4 162684 76068
3000 9 259318 122954
3000 6 261776 122902
3000 8 261491 123066
3000 8 258012 122060
3000 8 259982 122219
3000 10 257589 121861
3000 7 257957 122202
3000 10 257481 120666
3000 8 260907 122884
3000 8 258807 122703
4000 15 367029 173861
4000 12 363261 171662
4000 13 361819 169325
4000 14 362318 170961
4000 20 361489 170578
4000 15 360612 171059
4000 11 364302 171590
4000 12 367771 170986
4000 10 363074 170924
4000 9 366846 172005
5000 14 474902 221703
5000 15 476061 223922
5000 13 477162 224057
5000 10 480619 224616
5000 12 482399 224765
5000 11 471034 222534
5000 8 477934 223891
5000 9 476728 223610
5000 12 474448 223604
5000 11 479467 224897
6000 14 584047 274265
6000 18 585935 276738
6000 16 582248 274661
6000 13 581186 272491
6000 23 583239 274205
6000 16 592034 276003
6000 14 580513 272556
6000 11 582533 274942
6000 8 588353 274888
6000 9 587323 276225
7000 10 693349 330470
7000 12 689044 324405
7000 8 697281 324931
7000 13 698569 329931
7000 12 694152 327552
7000 11 705644 331859
7000 10 697647 328891
7000 11 703076 328790
7000 15 695040 327078
7000 12 692543 329116
8000 17 824432 386731
8000 18 811412 382842
8000 17 814569 382802
8000 19 824233 384525
8000 13 821210 382329
8000 14 814012 383786
8000 14 813454 382541
8000 9 806256 381504
8000 7 813272 385117
8000 9 806185 380099
9000 9 938348 441161
9000 9 934358 439092
9000 12 941724 439739
9000 9 941835 441347
9000 17 952525 445185
9000 14 934978 438898
9000 16 931322 439353
9000 16 939100 440849
9000 15 929015 439983
9000 14 940711 440910
10000 17 1062067 498757
10000 16 1072246 502196
10000 16 1065129 498518
10000 9 1067669 498669
10000 10 1060922 497791
10000 11 1065716 497920
10000 11 1067848 499106
10000 12 1074189 502420
10000 12 1066027 496743
10000 9 1065442 496798
11000 12 1185588 557465
11000 12 1182770 557230
11000 15 1191956 559623
11000 13 1176208 555453
11000 15 1194852 560079
11000 13 1187917 557720
11000 14 1182152 558446
11000 18 1177947 556996
11000 18 1192277 562554
11000 16 1199339 559001
12000 20 1307837 614336
12000 19 1311640 615534
12000 20 1303657 612335
12000 21 1307068 611080
12000 20 1298477 612368
12000 13 1308301 616843
12000 13 1307830 615121
12000 15 1305784 614959
12000 14 1299301 614142
12000 12 1292801 612916
13000 18 1422029 670399
13000 19 1424900 669789
13000 14 1419689 668468
13000 14 1419893 670295
13000 14 1434313 671855
13000 16 1437582 672890
13000 15 1423137 671465
13000 15 1415969 667906
13000 16 1425949 670094
13000 16 1417960 669980
14000 22 1552940 732508
14000 24 1554097 729515
14000 20 1529845 723653
14000 24 1551350 730522
14000 22 1556038 732646
14000 21 1518886 716719
14000 21 1547780 728756
14000 25 1540049 728943
14000 17 1562154 731754
14000 21 1539293 728626
15000 20 1683517 792522
15000 16 1678272 790036
15000 17 1678818 790046
15000 25 1671544 789237
15000 18 1685866 790621
15000 17 1682688 791462
15000 18 1689451 791877
15000 17 1703594 799315
15000 18 1643585 777264
15000 21 1677668 790104
16000 18 1815600 854506
16000 24 1822546 851472
16000 17 1828333 853173
16000 24 1809159 850010
16000 27 1797544 849956
16000 27 1813946 853359
16000 27 1797019 848842
16000 30 1811562 858183
16000 28 1809042 853706
16000 31 1812357 854255
17000 32 1920836 907526
17000 24 1930401 911098
17000 30 1947862 915907
17000 22 1917967 902971
17000 23 1919114 908481
17000 21 1904991 904042
17000 27 1961654 912681
17000 26 1932458 910500
17000 19 1943794 913737
17000 27 1953145 912133
18000 23 2080856 977216
18000 23 2088425 983898
18000 22 2076614 976385
18000 23 2084523 977390
18000 25 2080718 976491
18000 27 2079597 977930
18000 20 2081036 973863
18000 28 2086680 975647
18000 26 2088880 978072
18000 21 2066933 976262
19000 20 2216925 1040484
19000 20 2235196 1042529
19000 20 2215434 1043232
19000 24 2213883 1036175
19000 21 2221305 1043136
19000 22 2201950 1034309
19000 21 2220530 1043423
19000 22 2232365 1050566
19000 22 2234291 1046730
19000 23 2235786 1047210
20000 25 2333562 1082508
20000 32 2318639 1090640
20000 29 2371664 1113047
20000 23 2343586 1103800
20000 23 2383851 1108861
20000 29 2357530 1101287
20000 24 2358229 1109232
20000 22 2336264 1103571
20000 22 2342558 1105379
20000 22 2377857 1115049
21000 25 2503122 1169851
21000 26 2516661 1176641
21000 28 2520343 1176646
21000 26 2492616 1164467
21000 31 2449282 1153315
21000 25 2498588 1169220
21000 24 2504302 1172712
21000 25 2492539 1176215
21000 25 2520177 1178261
21000 23 2510448 1178385
22000 25 2620492 1233160
22000 27 2614986 1233193
22000 30 2637001 1234898
22000 25 2621648 1234189
22000 24 2629981 1234865
22000 30 2608489 1226622
22000 30 2646630 1231369
22000 31 2639237 1238610
22000 22 2644853 1242986
22000 26 2624125 1225357
23000 25 2764865 1294162
23000 31 2721900 1285623
23000 24 2749792 1288259
23000 26 2751653 1294762
23000 25 2738529 1294827
23000 25 2639427 1235971
23000 24 2742200 1287581
23000 24 2744247 1289319
23000 27 2728114 1283206
23000 24 2756451 1294429
24000 25 2913041 1362355
24000 28 2855595 1348945
24000 33 2881773 1356573
24000 25 2880839 1355904
24000 27 2875813 1351288
24000 25 2881718 1356547
24000 27 2899989 1353392
24000 32 2874238 1352508
24000 35 2881378 1356016
24000 32 2885511 1355536
25000 27 2880020 1359239
25000 26 2994686 1411158
25000 26 3038188 1426377
25000 28 2983747 1402732
25000 29 3000459 1418585
25000 35 3010932 1421578
25000 34 3029308 1425168
25000 37 3000180 1413073
25000 35 3001908 1416890
25000 34 2993056 1413294
26000 32 3135733 1481177
26000 35 3138187 1483390
26000 39 3158973 1484282
26000 33 3163847 1487966
26000 30 3125217 1480590
26000 31 3123358 1477870
26000 36 3132896 1477555
26000 35 3118837 1477368
26000 29 3153359 1482506
26000 29 3178856 1487392
27000 29 3275357 1543783
27000 28 3307514 1546829
27000 32 3280658 1546990
27000 28 3306834 1542496
27000 40 3308571 1548948
27000 33 3323871 1550727
27000 32 3303149 1551805
27000 37 3297543 1538699
27000 31 3300198 1549652
27000 29 3312554 1559483
28000 32 3432810 1615921
28000 29 3426270 1614114
28000 37 3455705 1620546
28000 39 3419726 1606398
28000 40 3446726 1615467
28000 39 3425215 1619690
28000 35 3441834 1612657
28000 38 3405167 1611867
28000 38 3437664 1615738
28000 41 3408257 1606086
29000 35 3595894 1690810
29000 35 3574239 1686306
29000 39 3580485 1681726
29000 38 3539670 1665445
29000 34 3567738 1681844
29000 34 3590461 1686371
29000 40 3519186 1661049
29000 32 3551015 1682600
29000 33 3602982 1683070
29000 32 3563797 1684793
30000 34 3704338 1736796
30000 33 3706511 1742569
30000 35 3699526 1742489
30000 39 3716239 1743714
30000 36 3692517 1743143
30000 33 3692142 1740665
30000 34 3702768 1742558
30000 39 3719079 1753027
30000 50 3714379 1751646
30000 40 3741502 1752065
31000 35 3859123 1817790
31000 50 3837903 1805876
31000 55 3839546 1805593
31000 51 3875229 1815189
31000 57 3859347 1809397
31000 64 3823536 1800849
31000 56 3849773 1811788
31000 60 3861255 1811763
31000 51 3849136 1805898
31000 62 3896314 1819266
32000 74 3980700 1883298
32000 65 4006143 1882008
32000 60 3991889 1876891
32000 61 3998356 1877830
32000 64 4000522 1882019
32000 51 3994705 1879034
32000 58 4021973 1880299
32000 56 3997880 1878533
32000 57 3979409 1874278
32000 59 3988123 1874131
33000 45 4118893 1939214
33000 42 4168961 1951336
33000 35 4139242 1942536
33000 37 4130736 1946858
33000 45 4135347 1949921
33000 43 4121847 1933168
33000 43 4140626 1945654
33000 42 4106199 1933036
33000 54 4137257 1946318
33000 43 4132151 1940966
34000 37 4281115 2010756
34000 55 4222706 1999203
34000 47 4255607 2004862
34000 40 4232499 1999768
34000 38 4243774 2006616
34000 39 4245840 2005920
34000 43 4273210 2012175
34000 37 4293446 2006413
34000 38 4247472 2005732
34000 43 4265800 2008498
35000 40 4423833 2078177
35000 48 4422877 2070025
35000 43 4417133 2070725
35000 39 4420897 2073835
35000 39 4392398 2066045
35000 39 4432543 2080885
35000 39 4406924 2075365
35000 46 4417311 2068377
35000 41 4431753 2078775
35000 44 4406628 2072664
36000 46 4586670 2154330
36000 39 4585344 2145190
36000 40 4575825 2144192
36000 44 4553655 2155496
36000 44 4428594 2080948
36000 47 4572717 2154893
36000 46 4593433 2153434
36000 44 4534818 2136607
36000 46 4562333 2145405
36000 41 4573545 2156087
37000 48 4746394 2220725
37000 43 4723788 2218475
37000 50 4732989 2224344
37000 48 4709620 2209024
37000 41 4725106 2216125
37000 45 4735443 2226485
37000 48 4733087 2225488
37000 43 4690983 2207852
37000 46 4708034 2222945
37000 48 4716063 2223580
38000 51 4793740 2263584
38000 49 4905433 2288136
38000 51 4870099 2289911
38000 49 4841666 2276508
38000 47 4888363 2285586
38000 45 4872372 2285931
38000 42 4884402 2285988
38000 65 4886739 2294517
38000 42 4909002 2301634
38000 42 4874308 2295298
39000 53 5015628 2359247
39000 50 5011582 2356878
39000 65 5040632 2357785
39000 48 4994607 2353810
39000 47 5039934 2360209
39000 47 5008782 2355039
39000 46 5026687 2357603
39000 45 5058933 2365040
39000 51 5013717 2361287
39000 44 4965539 2339902
40000 48 5186555 2439665
40000 47 5196569 2427168
40000 45 5148047 2419389
40000 44 5121060 2419056
40000 46 5163648 2423285
40000 72 5095814 2391940
40000 56 5199084 2432069
40000 44 5171139 2441994
40000 51 5178749 2436755
40000 53 5232321 2447174
41000 48 5330619 2497121
41000 46 5344931 2510415
41000 56 5369448 2509796
41000 46 5361498 2515371
41000 47 5336267 2500264
41000 46 5317222 2510750
41000 52 5390193 2519262
41000 44 5310173 2489207
41000 49 5326851 2494453
41000 44 5324941 2500764
42000 56 5497793 2585384
42000 46 5494348 2580292
42000 54 5372604 2524568
42000 58 5437376 2560489
42000 51 5524893 2574799
42000 54 5487818 2577389
42000 53 5430975 2570176
42000 52 5508448 2581767
42000 50 5481893 2565169
42000 48 5473385 2578790
43000 54 5625010 2644092
43000 57 5599869 2637223
43000 58 5584752 2631020
43000 50 5577058 2634584
43000 58 5624318 2629695
43000 50 5620636 2652779
43000 48 5591607 2629369
43000 52 5623124 2647549
43000 48 5598673 2640220
43000 48 5576418 2622894
44000 48 5737967 2696484
44000 51 5744270 2704090
44000 56 5753240 2689853
44000 58 5749195 2710501
44000 51 5729915 2701334
44000 53 5733160 2702424
44000 51 5616289 2648598
44000 51 5757235 2705659
44000 56 5763436 2700194
44000 53 5770962 2709293
45000 50 5882562 2776429
45000 51 5957700 2789554
45000 53 5903232 2769022
45000 53 5848435 2755540
45000 49 5825151 2748655
45000 52 5861798 2770344
45000 56 5870516 2770480
45000 57 5909886 2769123
45000 51 5926043 2778878
45000 60 5927732 2779174
46000 55 6051640 2848283
46000 57 5957969 2825497
46000 54 5987679 2837113
46000 54 5958536 2810711
46000 58 5984236 2821066
46000 60 5952054 2830394
46000 58 5975137 2822320
46000 53 6029629 2839719
46000 57 5972757 2832434
46000 61 5964899 2826675
47000 56 6164785 2915330
47000 57 6160760 2900966
47000 54 6186026 2906530
47000 58 6128833 2892070
47000 55 6155764 2904285
47000 54 6165350 2897333
47000 83 6159454 2902161
47000 81 6117358 2889226
47000 79 6129894 2897494
47000 67 6143425 2887212
48000 57 6312133 2974554
48000 55 6308361 2974874
48000 62 6349423 2991513
48000 64 6303976 2966364
48000 60 6299497 2962161
48000 59 6290082 2975361
48000 62 6279271 2973449
48000 55 6314551 2969692
48000 60 6286301 2953829
48000 60 6293084 2967413
49000 57 6434417 3042614
49000 60 6455669 3037915
49000 61 6408296 3035690
49000 62 6493644 3040826
49000 58 6477099 3042946
49000 60 6460016 3046250
49000 68 6441761 3027246
49000 69 6407227 3040029
49000 57 6449790 3026630
49000 64 6393792 3019409
50000 101 6619116 3109800
50000 71 6662945 3118520
50000 71 6587776 3097458
50000 76 6599522 3108364
50000 69 6656486 3112609
50000 62 6663593 3123735
50000 65 6607404 3113904
50000 81 6621535 3115664
50000 72 6611875 3111542
50000 80 6523875 3090328
