1000 3 10870 7089
1000 0 11525 7086
1000 0 11813 6927
1000 0 10974 6567
1000 0 12364 7931
1000 0 11967 7083
1000 0 11728 7338
1000 0 14356 7736
1000 0 12062 8739
1000 1 11285 7028
2000 1 29510 18235
2000 0 25486 15417
2000 0 27832 17616
2000 0 25996 15806
2000 0 26154 16811
2000 0 25770 15912
2000 0 25477 16218
2000 2 28338 18162
2000 1 25929 15761
2000 1 28052 17470
3000 0 41151 24381
3000 0 42459 25896
3000 0 40666 24978
3000 1 43149 24846
3000 0 41543 25201
3000 1 46746 28964
3000 1 42684 25410
3000 0 41303 24831
3000 1 41486 25760
3000 0 41907 25006
4000 1 57734 33933
4000 1 55293 34393
4000 1 56429 35842
4000 0 62749 39568
4000 1 57471 33754
4000 1 59480 35358
4000 1 56692 33634
4000 1 59199 35392
4000 0 58794 37374
4000 1 57386 34751
5000 1 73448 43199
5000 1 74441 47867
5000 0 76063 52034
5000 0 75120 43679
5000 1 74911 47636
5000 1 82268 43183
5000 1 83061 46700
5000 1 77624 50663
5000 1 76527 43456
5000 0 78762 49174
6000 1 88344 53589
6000 1 88109 56776
6000 1 94295 61980
6000 1 94024 58441
6000 1 88594 57256
6000 1 92134 59246
6000 1 97537 53273
6000 1 89159 53606
6000 1 90598 53799
6000 1 96664 58461
7000 1 123024 77885
7000 1 112688 74665
7000 1 108342 70810
7000 2 110361 63658
7000 1 108444 71328
7000 1 117797 72657
7000 1 106794 63196
7000 1 118863 69654
7000 1 107562 63885
7000 1 113086 69637
8000 1 124237 77506
8000 1 128050 72941
8000 1 128676 80767
8000 1 128493 73722
8000 1 123817 74608
8000 1 128770 77016
8000 1 134195 71269
8000 1 134500 76377
8000 1 122032 74359
8000 1 123496 74808
9000 1 156174 98063
9000 1 138217 78439
9000 1 139173 86560
9000 1 145728 92513
9000 2 150223 95282
9000 1 147343 92512
9000 1 149929 90136
9000 1 141257 82096
9000 1 143175 82426
9000 1 151268 92861
10000 1 165907 102554
10000 1 159444 100749
10000 1 162965 96591
10000 1 170695 104744
10000 1 166234 99949
10000 1 160764 98508
10000 1 168358 95766
10000 1 162908 96749
10000 1 160199 96878
10000 1 167108 100937
11000 1 192005 116415
11000 1 178123 109907
11000 1 180858 102876
11000 1 180690 105325
11000 1 203271 109108
11000 1 187348 116714
11000 1 179376 109114
11000 1 182791 105767
11000 2 182331 115460
11000 1 196621 108358
12000 1 205185 139365
12000 1 207182 130480
12000 1 202273 110457
12000 2 201810 123744
12000 2 223742 132920
12000 2 200530 123357
12000 2 200665 130334
12000 1 203320 114376
12000 2 194103 121903
12000 1 197773 118195
13000 1 221816 128079
13000 1 240823 127539
13000 2 231873 133982
13000 1 220537 127858
13000 1 224018 129607
13000 1 236977 129874
13000 1 216265 128215
13000 2 245510 134529
13000 2 226152 140455
13000 2 211138 128909
14000 2 229277 140421
14000 1 251517 130800
14000 2 244258 135227
14000 1 228644 138689
14000 1 238791 153463
14000 2 231204 140042
14000 1 250000 163235
14000 1 241698 129056
14000 1 238043 146025
14000 2 238659 142155
15000 2 262179 151446
15000 1 252664 159992
15000 2 277056 155340
15000 1 249078 154866
15000 2 252074 150316
15000 2 252557 156086
15000 2 248250 141403
15000 2 252996 156527
15000 2 271678 156701
15000 2 246124 146508
16000 3 291234 170249
16000 1 277005 183071
16000 2 269797 166739
16000 1 300808 177472
16000 2 274787 160650
16000 1 275297 151181
16000 2 279483 172594
16000 2 277303 164669
16000 2 266662 157996
16000 3 289594 163342
17000 3 298563 161343
17000 3 297856 189834
17000 2 287490 165765
17000 3 293998 172193
17000 3 303786 161436
17000 3 288645 182281
17000 1 308007 178217
17000 2 294056 159446
17000 2 302784 175099
17000 2 334971 197294
18000 2 308828 188911
18000 2 314005 189962
18000 2 305374 182938
18000 3 313931 191943
18000 3 322490 184156
18000 4 298319 188396
18000 3 309919 174504
18000 3 314540 192111
18000 4 314374 172868
18000 4 312640 188077
19000 4 343774 213841
19000 3 331914 205447
19000 3 343403 197327
19000 3 327760 194247
19000 2 376371 217847
19000 3 339597 198687
19000 4 340261 208845
19000 4 369048 218646
19000 3 341497 204161
19000 3 359787 203038
20000 4 359257 205437
20000 3 362864 207761
20000 4 345113 206342
20000 2 368356 232549
20000 3 355253 219344
20000 2 355872 215069
20000 2 345800 199487
20000 3 340496 209898
20000 3 355897 206434
20000 4 345227 206366
21000 2 383857 223207
21000 3 384626 242462
21000 2 361767 215463
21000 3 413574 240079
21000 3 373725 220552
21000 2 386968 232151
21000 2 371580 207468
21000 3 388515 222558
21000 3 372655 220777
21000 3 372810 216766
22000 3 462929 308361
22000 3 392577 217731
22000 3 426889 225861
22000 3 384202 231406
22000 4 447985 290792
22000 3 405840 269217
22000 4 384295 230505
22000 4 392625 221399
22000 3 390908 216063
22000 4 416672 227637
23000 3 407778 252169
23000 3 414483 246484
23000 4 458333 263866
23000 4 412135 239928
23000 3 408368 244417
23000 4 409821 238228
23000 4 439292 254330
23000 4 397234 254338
23000 4 423514 249329
23000 3 408802 235879
24000 3 416191 238116
24000 4 433211 278251
24000 4 470881 266680
24000 3 434364 250169
24000 2 436502 274267
24000 4 462674 255651
24000 4 428018 238913
24000 3 469083 257206
24000 2 494346 291671
24000 3 436886 283803
25000 3 448810 276965
25000 2 457865 268957
25000 2 474882 267121
25000 3 468039 287077
25000 3 436160 258904
25000 3 473788 294306
25000 2 441765 271118
25000 3 474654 295938
25000 3 476274 258737
25000 3 472411 276433
26000 2 471653 274188
26000 5 468536 280485
26000 5 491029 282575
26000 4 500683 295052
26000 4 469694 284249
26000 4 498673 285738
26000 5 482849 280661
26000 4 464760 274906
26000 2 470771 287271
26000 3 483896 292891
27000 3 525899 294593
27000 3 511391 303656
27000 4 471577 285586
27000 4 509180 332442
27000 3 476817 291756
27000 3 482254 276911
27000 3 545434 311392
27000 3 516730 314365
27000 5 489301 310954
27000 3 496385 274656
28000 3 518422 319718
28000 4 499060 292256
28000 3 539736 300549
28000 3 504660 304016
28000 4 570559 323353
28000 4 525560 300422
28000 5 503560 297388
28000 4 514874 300820
28000 4 527099 315265
28000 4 503104 291980
29000 5 538664 310081
29000 4 549612 312407
29000 5 555079 307072
29000 4 527518 314645
29000 4 539670 308414
29000 4 531250 317064
29000 5 563939 316598
29000 3 528293 293500
29000 3 538313 333296
29000 3 534656 295816
30000 4 541816 322837
30000 4 588292 332697
30000 3 549550 311863
30000 3 550798 321307
30000 3 587131 331960
30000 5 565068 345296
30000 5 600023 297795
30000 3 581635 322186
30000 3 543162 311018
30000 4 548572 346085
31000 4 579722 325194
31000 4 572858 342338
31000 4 597794 353091
31000 4 573289 346998
31000 3 570265 326952
31000 3 581254 333520
31000 3 579187 342746
31000 4 582289 357776
31000 4 634845 411353
31000 3 563230 310559
32000 4 585615 349192
32000 4 564127 337152
32000 6 575087 348280
32000 4 611315 361831
32000 4 602589 358913
32000 4 629702 340813
32000 4 611568 373167
32000 4 582818 343238
32000 4 645396 404966
32000 3 617755 323631
33000 4 610834 379969
33000 4 609808 359270
33000 3 690367 382613
33000 4 642508 361753
33000 4 598998 338450
33000 3 618389 351492
33000 3 618632 380216
33000 4 625248 387026
33000 3 605233 340585
33000 4 655651 392409
34000 4 630575 361416
34000 4 657723 398894
34000 4 618658 359375
34000 4 673490 404791
34000 4 657190 402641
34000 4 631512 378071
34000 4 630724 349634
34000 4 620701 372465
34000 5 673097 367990
34000 5 719385 371208
35000 6 654638 378619
35000 4 632081 373023
35000 5 683053 432593
35000 3 674175 403551
35000 4 681260 398913
35000 5 667214 381482
35000 4 669468 397414
35000 4 690998 400461
35000 4 674926 370975
35000 4 669421 406461
36000 4 660389 391198
36000 4 698208 414896
36000 4 699886 438318
36000 4 678723 408310
36000 4 681257 384537
36000 4 698187 434673
36000 4 688745 378879
36000 5 690753 444675
36000 4 674639 423944
36000 5 700603 420950
37000 6 766650 505442
37000 4 717367 386221
37000 6 739919 428561
37000 5 680755 418761
37000 5 661234 391505
37000 4 752689 413178
37000 4 697479 400160
37000 5 700942 434581
37000 5 732001 408246
37000 4 670344 408339
38000 5 730607 405647
38000 4 735632 445373
38000 4 725242 416307
38000 4 779940 430629
38000 4 740257 442174
38000 5 719779 446858
38000 5 774112 463588
38000 5 743579 457275
38000 5 751655 438530
38000 4 742582 452511
39000 5 738671 443789
39000 5 769938 463150
39000 4 731389 451278
39000 5 703993 425963
39000 5 739489 412160
39000 4 764799 449411
39000 4 768111 469244
39000 4 736238 428275
39000 4 747953 453784
39000 4 781437 462210
40000 4 772107 432311
40000 4 764978 476616
40000 4 755157 437834
40000 4 752872 461300
40000 5 783888 469357
40000 5 764789 448432
40000 5 772711 456454
40000 4 776435 433519
40000 4 794249 419588
40000 5 733870 448589
41000 4 770087 469375
41000 5 787299 451447
41000 5 768404 442351
41000 5 803491 501508
41000 6 795947 485275
41000 5 814883 477338
41000 5 759180 456782
41000 4 781658 452585
41000 4 821903 491129
41000 5 786954 465095
42000 4 835157 471542
42000 5 822493 496387
42000 5 807791 489310
42000 5 844206 465317
42000 5 873524 550656
42000 5 807103 458262
42000 5 799330 466550
42000 5 783113 463349
42000 5 850370 535065
42000 5 835156 450070
43000 5 803058 472390
43000 5 860639 517712
43000 5 865800 522541
43000 6 828636 475147
43000 5 854751 472029
43000 5 863126 473905
43000 6 877512 508901
43000 5 796808 486033
43000 7 872384 483854
43000 7 834832 463017
44000 8 870330 515792
44000 7 844162 506029
44000 8 868733 504329
44000 7 850265 498142
44000 8 896869 485326
44000 8 908721 532787
44000 8 852219 515243
44000 8 898026 530476
44000 8 888748 517567
44000 4 833386 507556
45000 5 894132 524445
45000 5 875641 541028
45000 5 860699 525706
45000 5 911103 513754
45000 8 843704 493521
45000 5 886910 531692
45000 5 861069 529547
45000 5 866139 499407
45000 5 891067 496975
45000 6 869621 531537
46000 5 875195 499684
46000 7 882504 545186
46000 5 897351 501554
46000 5 881313 513347
46000 5 991624 575580
46000 5 940417 578424
46000 5 884549 506967
46000 6 883700 536158
46000 5 893191 520142
46000 5 888767 489394
47000 5 903201 532799
47000 5 970780 571330
47000 8 885587 536063
47000 8 917797 548023
47000 8 948319 556848
47000 9 922011 540204
47000 9 914380 559009
47000 9 948552 567775
47000 7 905637 506662
47000 8 912531 509549
48000 5 957180 517508
48000 6 1002737 626447
48000 6 957297 511920
48000 5 958680 534841
48000 6 917554 556605
48000 5 977163 552465
48000 9 965946 553142
48000 7 936672 580328
48000 5 946265 528853
48000 8 938572 560511
49000 6 940567 544203
49000 5 935310 553867
49000 5 951617 562102
49000 5 960363 513314
49000 6 958932 549489
49000 5 953840 546768
49000 5 990366 593322
49000 6 935497 521177
49000 6 964914 563389
49000 6 929572 548270
50000 6 971080 583769
50000 6 1035704 617639
50000 6 943183 532588
50000 6 977837 580069
50000 5 968696 578074
50000 6 988833 572591
50000 6 1028062 610350
50000 5 1008794 550502
50000 5 982972 568726
50000 5 952092 578376
