100 30 3639 1827
100 2 3738 1867
100 1 3715 1872
100 2 3724 1839
100 1 3641 1778
100 1 3711 1864
100 1 3554 1796
100 1 3905 1943
100 0 3575 1764
100 1 3774 1901
200 2 9527 4619
200 2 9344 4530
200 3 9515 4654
200 3 9078 4331
200 3 9448 4474
200 2 9482 4543
200 3 9427 4631
200 1 9285 4570
200 1 8969 4376
200 1 9184 4511
300 1 15689 7492
300 1 16413 7812
300 1 15967 7723
300 2 16058 7510
300 1 15750 7529
300 1 15712 7593
300 1 16419 7676
300 1 15916 7703
300 1 15974 7745
300 1 15944 7753
400 1 22276 10698
400 1 21837 10709
400 5 22481 10612
400 5 22260 10928
400 1 22501 10899
400 1 21675 10567
400 1 22659 10968
400 1 22461 10874
400 1 21961 10666
400 1 22314 10702
500 2 28018 13563
500 2 29809 14216
500 1 29592 14092
500 3 29890 14111
500 1 29885 14201
500 2 28299 13686
500 1 30159 14269
500 9 29772 14174
500 1 30343 14088
500 1 29453 14189
600 1 36864 17629
600 1 36982 17675
600 2 37628 18152
600 2 35540 17201
600 2 37555 17868
600 2 37914 17937
600 1 37520 17989
600 1 34068 16049
600 2 38013 17836
600 2 37228 17780
700 2 45138 21382
700 2 46091 21686
700 3 45460 21633
700 1 43224 20586
700 5 43965 21102
700 1 44880 21551
700 1 44398 20975
700 1 43880 20969
700 1 45495 21542
700 1 44404 20951
800 1 49588 24005
800 3 53118 25161
800 2 52684 24960
800 2 50904 23932
800 2 54013 25814
800 2 50453 24007
800 2 53559 25368
800 2 52801 25123
800 1 52992 25296
800 2 52635 24811
900 3 62308 29153
900 2 60783 29010
900 3 62602 29420
900 2 59944 28619
900 3 60903 28835
900 3 59229 28373
900 3 61438 28871
900 3 56426 26910
900 2 61010 28768
900 2 61083 28956
1000 2 69081 33055
1000 2 68850 32802
1000 3 69665 32869
1000 2 70391 33202
1000 5 69722 33257
1000 3 69339 32950
1000 3 70506 33674
1000 2 70180 33375
1000 4 71264 33444
1000 2 70497 32929
1100 2 78559 36924
1100 2 77949 36995
1100 2 75655 36265
1100 3 79661 37610
1100 6 77990 36994
1100 4 75772 35945
1100 3 75807 36191
1100 2 77994 37166
1100 3 78374 36726
1100 3 79098 37672
1200 2 87974 40699
1200 4 87960 41753
1200 3 85539 39921
1200 3 87214 41078
1200 2 88529 41908
1200 2 86766 41058
1200 3 87995 41129
1200 3 88468 41851
1200 3 86573 40657
1200 1 87603 41202
1300 4 98093 45368
1300 4 98045 46108
1300 4 97172 45475
1300 4 97510 46326
1300 3 98693 46082
1300 4 95660 45459
1300 3 96023 45856
1300 2 98612 45902
1300 5 96701 45520
1300 7 91423 43267
1400 4 105494 49642
1400 4 105203 49320
1400 3 106429 49487
1400 3 105604 49712
1400 4 106540 50029
1400 3 105697 49764
1400 4 104401 49251
1400 3 103933 49124
1400 3 103117 48972
1400 3 105994 50056
1500 3 111966 53200
1500 4 113519 54184
1500 4 114854 54090
1500 4 114904 54680
1500 4 113205 53510
1500 3 111202 52920
1500 3 114350 54272
1500 5 111643 53147
1500 4 114172 54588
1500 4 114436 54181
1600 3 122514 57800
1600 2 121866 57541
1600 3 122685 58304
1600 2 125390 58830
1600 4 122814 58482
1600 4 121043 57215
1600 3 122229 57847
1600 5 122351 56927
1600 2 122330 58487
1600 2 120756 57415
1700 2 121500 58094
1700 3 129815 61205
1700 4 131425 62008
1700 4 131323 61882
1700 6 132570 62126
1700 4 130236 61348
1700 5 131623 62359
1700 4 130225 61483
1700 3 131781 62287
1700 7 127583 60739
1800 4 142514 67100
1800 3 140323 66319
1800 4 140874 66754
1800 2 140430 66787
1800 3 142914 67240
1800 4 140378 66705
1800 4 143672 67718
1800 4 141619 66207
1800 4 140611 66837
1800 4 139888 66439
1900 4 151548 70841
1900 5 149225 70365
1900 4 151113 71745
1900 3 150917 71490
1900 4 151806 70807
1900 4 153830 72232
1900 4 151906 70488
1900 3 147029 69312
1900 4 150436 70827
1900 4 148375 70828
2000 3 154575 72903
2000 4 159629 75546
2000 4 158411 74978
2000 6 155721 73572
2000 3 161599 75985
2000 4 158868 75089
2000 5 157731 75214
2000 2 157713 74294
2000 2 158756 74581
2000 2 154812 73305
2100 2 169771 79773
2100 3 168960 79731
2100 3 169070 79569
2100 5 167574 78229
2100 3 168022 79430
2100 2 168064 79871
2100 3 170363 80399
2100 2 168771 79817
2100 3 169227 79841
2100 3 168726 79159
2200 2 178410 84649
2200 3 178783 84196
2200 3 180013 84170
2200 3 180787 85151
2200 4 179609 83901
2200 3 175626 83262
2200 3 177415 84040
2200 2 179424 83720
2200 2 179278 84194
2200 2 180330 85725
2300 2 188079 88347
2300 3 186496 88537
2300 4 191813 89988
2300 3 192733 90343
2300 4 188594 89059
2300 3 190458 90115
2300 4 191013 89352
2300 4 187947 88477
2300 4 189824 89181
2300 4 190427 89829
2400 4 200788 94302
2400 4 202688 94516
2400 3 198923 93576
2400 4 200576 93989
2400 5 202609 94435
2400 3 203241 94865
2400 4 200381 93995
2400 2 201108 94429
2400 3 203853 95393
2400 4 198900 93748
2500 3 208805 99037
2500 5 211272 99125
2500 4 211932 99324
2500 4 208142 97764
2500 4 211328 99518
2500 4 212447 98951
2500 7 209526 98551
2500 4 212565 99674
2500 7 210977 99415
2500 4 212207 99575
2600 4 223308 104156
2600 4 222699 105190
2600 4 221579 103197
2600 4 221222 104523
2600 6 222796 104672
2600 5 220893 104812
2600 5 221841 103550
2600 4 222267 104724
2600 4 221859 103693
2600 4 224022 105112
2700 4 233857 109297
2700 4 230106 107688
2700 5 231014 108117
2700 3 232394 109019
2700 2 218452 102546
2700 3 232569 109796
2700 2 230379 108645
2700 2 233541 109153
2700 4 230402 108944
2700 4 232514 108544
2800 2 238905 112020
2800 2 242518 113685
2800 2 241592 113533
2800 3 235927 111154
2800 4 239935 113600
2800 3 240231 113513
2800 3 240652 113599
2800 3 244097 114214
2800 3 241687 112950
2800 2 242696 114234
2900 2 248455 117423
2900 3 251381 118024
2900 2 246227 116577
2900 3 250258 118504
2900 3 248027 117068
2900 2 238168 111303
2900 2 244675 116230
2900 2 249456 117383
2900 2 241764 115066
2900 2 245917 117156
3000 4 261402 122444
3000 4 262358 122949
3000 2 262907 123476
3000 2 259357 121914
3000 3 251129 119352
3000 4 260291 122513
3000 4 260268 122849
3000 4 263689 123115
3000 5 259681 122936
3000 2 255645 121029
3100 3 271206 128121
3100 3 272890 126784
3100 4 270043 128207
3100 3 271517 127857
3100 3 270110 127128
3100 3 263249 124939
3100 3 266456 126360
3100 3 268654 126657
3100 4 267253 125838
3100 2 268712 127683
3200 4 278169 131645
3200 3 277279 131434
3200 3 278974 131382
3200 4 279163 132031
3200 4 281320 131510
3200 3 277342 131371
3200 3 280203 132096
3200 3 281473 132273
3200 3 284144 132835
3200 3 277989 131198
3300 3 287965 136143
3300 3 292611 136616
3300 3 285066 135431
3300 4 290785 136399
3300 3 287966 135629
3300 3 274256 129813
3300 4 288696 136713
3300 3 287468 136498
3300 4 288150 135710
3300 3 283542 134350
3400 4 304752 143086
3400 3 299692 141686
3400 3 302592 142593
3400 2 303000 141859
3400 3 290875 137696
3400 4 300617 140821
3400 3 297822 140292
3400 3 282444 133636
3400 3 306637 143998
3400 2 298922 141073
3500 4 311134 146403
3500 3 311160 146116
3500 3 309805 145423
3500 3 309541 145720
3500 4 310744 144258
3500 3 308934 145823
3500 3 305860 144049
3500 3 310850 146976
3500 5 311157 146909
3500 5 310881 147620
3600 5 320947 151400
3600 5 317656 150919
3600 4 309428 145806
3600 3 323943 151487
3600 5 320102 151682
3600 5 325418 152732
3600 3 321077 151063
3600 3 320475 150605
3600 4 320562 150588
3600 4 323348 151966
3700 5 331660 156876
3700 5 333524 156272
3700 3 332365 156662
3700 3 335207 157490
3700 4 329563 155666
3700 3 331413 155619
3700 3 334870 157039
3700 4 339829 158483
3700 4 331637 156939
3700 4 329724 155357
3800 4 343093 160689
3800 3 344863 161290
3800 4 340722 160318
3800 4 343444 161476
3800 3 343794 161741
3800 4 346805 162810
3800 4 340893 159252
3800 3 324271 153438
3800 3 341190 160255
3800 4 341778 160422
3900 3 349734 164714
3900 3 352082 165608
3900 3 342641 162372
3900 4 357043 167925
3900 4 354739 166027
3900 4 355100 166375
3900 3 335030 156132
3900 4 354946 166593
3900 3 358026 166339
3900 3 350287 165609
4000 4 366872 171149
4000 4 368001 172484
4000 3 368278 171954
4000 6 356721 168498
4000 5 366715 171556
4000 4 358643 169128
4000 4 358370 167750
4000 4 362649 171140
4000 3 364624 170903
4000 4 361022 172013
4100 3 373051 176024
4100 4 366508 172194
4100 5 374735 176803
4100 4 365208 171958
4100 5 372346 174493
4100 5 375001 176023
4100 5 372009 175728
4100 5 376903 176226
4100 5 371427 176278
4100 5 373912 175953
4200 5 380611 179761
4200 5 381176 180029
4200 6 388395 182201
4200 5 385580 181783
4200 5 379348 177666
4200 5 387035 182565
4200 5 382565 179974
4200 5 378115 178806
4200 10 384491 180909
4200 6 382982 179834
4300 6 394039 185382
4300 7 395027 184947
4300 6 391103 183317
4300 7 394904 185332
4300 6 391150 186723
4300 7 386895 182351
4300 6 390825 183073
4300 7 395287 186018
4300 6 395429 185892
4300 7 397022 188329
4400 7 405370 191097
4400 6 405012 190945
4400 7 407155 191282
4400 7 404229 188833
4400 7 410303 192003
4400 6 408684 191262
4400 7 405603 190280
4400 7 408641 190125
4400 5 407925 191205
4400 5 411168 191646
4500 5 415394 196269
4500 6 422819 197581
4500 7 418852 195535
4500 8 416886 195692
4500 7 411503 194867
4500 5 421951 197698
4500 6 414475 196118
4500 7 416701 194857
4500 7 420857 196702
4500 7 420554 197798
4600 7 435922 203111
4600 7 431374 202064
4600 7 412543 195179
4600 7 432851 203714
4600 7 434483 203336
4600 8 432376 203265
4600 7 423283 200267
4600 7 426207 200819
4600 7 429801 201620
4600 7 432547 201505
4700 7 438268 206067
4700 7 440073 206153
4700 7 436754 205584
4700 8 441753 207298
4700 8 438000 207031
4700 8 436110 205110
4700 7 444368 207763
4700 8 441917 207492
4700 9 447254 209494
4700 6 438116 207077
4800 6 450488 212298
4800 7 452733 214468
4800 8 458239 213883
4800 7 442779 209051
4800 8 459971 215120
4800 7 451565 212622
4800 8 455499 214161
4800 7 451999 211402
4800 8 454210 214067
4800 8 457143 214232
4900 7 465049 218895
4900 8 466328 218641
4900 5 466010 219360
4900 6 466958 220001
4900 8 465169 217862
4900 7 454479 214787
4900 7 464530 218709
4900 6 458740 213754
4900 6 466780 217813
4900 7 467406 218254
5000 7 477674 221691
5000 10 481602 224419
5000 9 471873 223125
5000 7 477583 223602
5000 7 482974 226394
5000 6 471964 223490
5000 6 477294 224396
5000 7 477906 223737
5000 6 462955 217599
5000 6 454942 213578
5100 7 491837 230838
5100 6 488800 228784
5100 6 494909 231276
5100 7 488018 228548
5100 7 490762 229175
5100 7 489240 229940
5100 6 496947 231145
5100 6 491659 232147
5100 7 492837 231203
5100 6 492061 229966
5200 20 502964 235275
5200 7 504680 235485
5200 16 501740 235487
5200 6 494768 231260
5200 5 505029 235955
5200 6 506798 236396
5200 6 502005 235782
5200 15 500715 235012
5200 6 504431 236316
5200 6 496909 231556
5300 7 518139 241805
5300 6 511857 241522
5300 6 505087 238180
5300 7 509755 238883
5300 7 512737 241132
5300 7 515382 240057
5300 7 512923 240356
5300 7 507729 237179
5300 8 514948 241546
5300 7 512205 240937
5400 8 518419 244723
5400 8 522381 244467
5400 6 528866 247439
5400 6 520419 244513
5400 7 522331 245598
5400 7 525959 246154
5400 7 519437 244362
5400 7 512875 241130
5400 5 520936 247009
5400 7 521222 246382
5500 8 526246 247768
5500 7 535718 249934
5500 7 539732 252153
5500 8 524584 246866
5500 7 530183 249239
5500 9 533191 250245
5500 9 533052 250423
5500 9 518964 244937
5500 8 537271 251385
5500 9 536228 250596
5600 9 541549 256273
5600 9 543837 254400
5600 11 535413 254216
5600 12 544523 254891
5600 9 539104 255484
5600 9 533745 251942
5600 9 540334 253630
5600 10 552733 256763
5600 9 543098 254357
5600 8 539917 254535
5700 9 553849 259735
5700 9 548066 259476
5700 8 539994 254222
5700 8 544804 256067
5700 8 546435 257214
5700 6 551146 259680
5700 6 551323 260446
5700 6 555899 262223
5700 6 549547 258663
5700 6 548525 258741
5800 6 565413 265737
5800 6 560205 264028
5800 7 560692 264432
5800 6 560786 263399
5800 5 559986 264118
5800 5 561366 264149
5800 6 558413 262069
5800 5 555946 263234
5800 6 562294 265548
5800 5 568221 266442
5900 6 567893 268627
5900 6 573934 272157
5900 6 565899 265948
5900 6 571822 268693
5900 6 575192 270636
5900 6 575875 272000
5900 7 533778 250439
5900 6 569101 268265
5900 5 566448 267472
5900 6 577750 270375
6000 6 588433 276112
6000 9 581028 275029
6000 9 577645 272302
6000 10 584853 274836
6000 9 550866 260998
6000 9 580763 274420
6000 9 587321 274923
6000 10 591047 275889
6000 9 585256 275565
6000 9 584966 276121
6100 10 588224 279192
6100 9 589294 280364
6100 9 598402 281528
6100 9 595986 280359
6100 11 590249 278979
6100 9 567644 267110
6100 10 591424 276588
6100 10 600733 282624
6100 9 594391 279956
6100 10 589794 277567
6200 9 612506 286638
6200 9 606730 287198
6200 9 612213 285050
6200 10 610295 285255
6200 7 608344 286083
6200 6 605877 285730
6200 5 609566 286396
6200 6 614617 288727
6200 6 602640 285997
6200 7 612554 287516
6300 6 613369 291115
6300 7 621691 291210
6300 6 609140 287425
6300 5 613717 288932
6300 6 624348 293719
6300 6 613778 288833
6300 7 618385 289273
6300 8 616466 288605
6300 6 619623 290987
6300 5 618314 290062
6400 6 624618 295056
6400 6 629441 295817
6400 5 634740 299109
6400 7 634357 298068
6400 6 627994 296086
6400 7 631599 297460
6400 7 627465 296089
6400 7 634438 296819
6400 7 596911 282258
6400 6 630638 299498
6500 9 636080 300851
6500 6 646039 303235
6500 7 645524 301888
6500 7 642584 300765
6500 7 642649 302055
6500 6 648432 301965
6500 6 639909 301845
6500 6 634094 295333
6500 6 636239 299763
6500 6 637812 301222
6600 6 648023 305917
6600 7 646318 306111
6600 10 655479 307953
6600 11 646393 304828
6600 11 646377 305073
6600 11 651119 306424
6600 11 644480 304262
6600 12 653977 306504
6600 11 645367 304521
6600 12 654703 307395
6700 11 655918 307822
6700 11 665868 311485
6700 10 659448 310563
6700 8 656948 307087
6700 9 656930 310717
6700 7 660774 311478
6700 6 664561 311840
6700 7 666787 312143
6700 6 658342 310449
6700 7 660199 310966
6800 6 666727 315279
6800 9 672217 317696
6800 9 665314 313254
6800 9 671355 315216
6800 6 668523 314439
6800 12 676539 318784
6800 10 660054 312600
6800 11 675710 317766
6800 10 656311 306703
6800 6 677294 316909
6900 7 693705 324598
6900 7 688707 321125
6900 6 689158 323733
6900 10 685340 324258
6900 7 690246 325768
6900 8 681286 321703
6900 6 694559 325629
6900 7 693130 323070
6900 7 689674 322107
6900 7 681391 322093
7000 7 694991 329092
7000 7 694383 327572
7000 7 694756 329057
7000 6 694056 328176
7000 8 688637 324634
7000 7 699171 329405
7000 10 698548 326874
7000 8 703608 330616
7000 8 688014 326939
7000 7 695198 327792
7100 7 709569 334581
7100 7 704849 331698
7100 6 705696 333465
7100 8 710257 335829
7100 7 706093 332169
7100 8 713644 335297
7100 7 710777 332427
7100 7 709657 335952
7100 10 707861 332503
7100 8 699340 330127
7200 7 715812 337995
7200 8 724016 339947
7200 7 725498 340886
7200 8 726933 339440
7200 7 721700 339363
7200 7 729297 342609
7200 8 718493 340135
7200 8 717070 338341
7200 7 723814 342994
7200 7 717177 337327
7300 16 729065 343664
7300 7 729621 343803
7300 8 738779 347239
7300 7 741332 347094
7300 8 729178 343521
7300 7 728612 343686
7300 7 738681 346333
7300 7 737679 346485
7300 7 688753 322615
7300 13 738275 344882
7400 12 735090 349801
7400 12 748437 348982
7400 13 739591 350312
7400 9 744911 350477
7400 7 742705 350067
7400 7 746246 351152
7400 8 740962 350093
7400 7 743119 349371
7400 9 748790 351256
7400 6 741881 350132
7500 9 760548 358359
7500 7 755900 355076
7500 9 764187 357255
7500 10 754864 355811
7500 8 762479 359638
7500 7 764746 359967
7500 9 752793 356777
7500 8 753981 356760
7500 8 761069 355885
7500 8 750928 353542
7600 7 776393 364107
7600 8 770237 362218
7600 7 773469 363084
7600 8 769628 361383
7600 9 766240 357152
7600 10 771721 362462
7600 7 751340 354083
7600 8 770122 364016
7600 8 767440 360751
7600 7 736628 348260
7700 9 775760 363679
7700 7 785645 369488
7700 8 778163 365178
7700 7 755819 357973
7700 8 785243 367792
7700 8 760448 358700
7700 10 783102 371431
7700 9 786957 369104
7700 9 785467 367460
7700 7 795391 370722
7800 9 791422 371475
7800 8 796872 373741
7800 8 794396 374296
7800 8 796252 374660
7800 8 796167 373898
7800 8 782655 367557
7800 7 787708 372425
7800 8 790165 372539
7800 9 796356 373316
7800 8 788956 370974
7900 8 796295 376068
7900 8 803960 377197
7900 9 805166 380393
7900 7 803698 375586
7900 8 809552 381476
7900 10 794381 375351
7900 8 803987 377458
7900 7 814013 381415
7900 9 805693 378882
7900 8 803884 379124
8000 9 800792 378365
8000 9 788336 367980
8000 8 822196 383397
8000 13 818063 386542
8000 13 826125 387050
8000 13 816643 384020
8000 13 813206 383411
8000 13 817674 384164
8000 12 795045 376141
8000 9 822141 385201
8100 8 826425 388826
8100 10 832971 391254
8100 9 825443 387693
8100 7 828333 390526
8100 9 837369 392323
8100 8 825514 388490
8100 7 822064 387518
8100 9 814000 386250
8100 10 827944 388843
8100 8 804723 379837
8200 8 825399 388732
8200 9 843895 393886
8200 9 836750 392394
8200 8 829607 391830
8200 8 814774 382477
8200 8 827039 389544
8200 8 838052 392984
8200 10 836129 393802
8200 8 834066 390115
8200 11 836620 393688
8300 8 847920 401302
8300 8 843495 398508
8300 9 850055 399735
8300 9 844155 396532
8300 9 843991 398721
8300 8 846449 397558
8300 9 852788 400171
8300 10 836782 396438
8300 14 848064 396991
8300 13 843522 399479
8400 14 859559 404537
8400 14 861651 406715
8400 13 854372 404921
8400 14 868355 407950
8400 13 856809 404651
8400 14 853930 403846
8400 13 860324 404209
8400 13 856961 404779
8400 13 863093 406754
8400 11 864265 403983
8500 13 863162 404560
8500 13 876971 411946
8500 14 864887 408344
8500 14 873903 410569
8500 14 867057 411102
8500 14 870196 410482
8500 14 880088 411225
8500 9 872567 410635
8500 8 880753 411657
8500 9 877216 413402
8600 8 885784 416284
8600 9 880249 415460
8600 10 876484 414031
8600 11 873452 409977
8600 8 887940 416987
8600 8 876811 412779
8600 8 884876 414253
8600 10 888247 415593
8600 8 892396 418264
8600 9 879846 413748
8700 8 903313 425240
8700 8 892738 418417
8700 10 896451 421388
8700 10 892622 420352
8700 10 896754 424705
8700 8 896782 419522
8700 9 909319 425384
8700 8 884713 417248
8700 10 898291 424817
8700 10 883464 416465
8800 10 910462 427087
8800 12 909880 426497
8800 12 917924 431447
8800 9 913306 428979
8800 10 912844 428223
8800 8 900336 424593
8800 9 903439 422214
8800 10 912314 430564
8800 8 911286 428528
8800 8 912978 431318
8900 8 923149 431341
8900 12 913312 432293
8900 8 935474 435716
8900 15 930226 434684
8900 15 921136 435304
8900 15 929637 434161
8900 15 923904 435050
8900 15 906840 427911
8900 15 919424 432868
8900 14 930838 433368
9000 15 936741 439279
9000 14 934477 438016
9000 14 942186 440939
9000 14 933875 438472
9000 14 932375 439660
9000 10 941902 443039
9000 9 926239 438113
9000 9 941871 443172
9000 9 937083 441141
9000 12 928241 436882
9100 16 956897 446735
9100 15 948492 446281
9100 15 945808 443823
9100 14 944973 446511
9100 10 958459 446166
9100 9 963685 451853
9100 9 940902 443242
9100 10 950483 449187
9100 8 949711 445472
9100 11 952955 446451
9200 9 964827 455259
9200 9 924130 431717
9200 11 947977 447446
9200 12 969102 453068
9200 11 948135 442496
9200 9 962085 451293
9200 10 957323 449335
9200 10 967725 450070
9200 9 964840 452967
9200 15 969645 452358
9300 16 976746 457723
9300 15 974149 457981
9300 16 978203 457022
9300 8 981847 459262
9300 10 965589 450047
9300 9 981850 458051
9300 8 973042 454926
9300 9 977502 461154
9300 11 985612 461747
9300 12 978632 460911
9400 9 940610 442008
9400 10 989876 462341
9400 9 985334 463427
9400 14 996546 467027
9400 15 986980 464017
9400 16 994911 465547
9400 16 993392 465990
9400 16 981270 464087
9400 16 986655 462525
9400 16 986355 465099
9500 15 997588 468416
9500 15 945134 446864
9500 9 1009850 473108
9500 10 1012960 473294
9500 11 1000426 474456
9500 9 988937 465523
9500 12 997242 471796
9500 9 1003131 468410
9500 11 988103 465989
9500 9 1009369 471711
9600 11 1022288 476830
9600 10 1004653 474544
9600 10 1019377 476795
9600 13 1015951 477504
9600 9 1014240 475368
9600 10 1000628 469942
9600 9 1023517 477801
9600 11 1017602 479594
9600 10 1012144 474180
9600 9 1009102 473446
9700 9 1029923 480987
9700 10 1024550 482897
9700 12 1027223 480140
9700 9 1029470 480443
9700 10 1019082 480316
9700 12 1025383 480371
9700 9 1034525 484443
9700 10 1014520 475456
9700 10 1026383 479524
9700 10 1027803 480574
9800 12 1038589 486839
9800 10 1045550 488819
9800 10 1035053 487868
9800 11 1040975 488929
9800 9 1042909 488645
9800 11 1048921 490241
9800 11 984730 457027
9800 9 1036172 488293
9800 13 1048559 488507
9800 11 1037069 488464
9900 11 1063823 493180
9900 10 1056158 492926
9900 10 1055975 496964
9900 12 1054133 493753
9900 10 1052701 496458
9900 10 1056824 497277
9900 11 1064960 494906
9900 9 1042661 489466
9900 10 1053644 493103
9900 11 1055945 493880
10000 10 1067058 501275
10000 11 1060839 498865
10000 10 1062268 499937
10000 11 1027724 485763
10000 10 1061636 497899
10000 11 1050480 496161
10000 12 1058624 499456
10000 16 1069893 502837
10000 16 1049933 496670
10000 11 1068180 501116
10 15 105 76
1000 36 68991 32830
1000 29 69581 32809
50000 207 6539985 3077040
