
100 1 3899 192
100 1 3961 186
100 1 4251 190
100 0 3978 194
100 0 3810 185
100 1 3843 187
100 0 4209 197
100 0 4066 188
100 0 3870 183
100 0 3485 185
200 1 16120 374
200 1 16284 370
200 1 15675 374
200 8 15675 368
200 1 14947 373
200 1 15872 372
200 1 15520 377
200 1 14919 376
200 1 15656 376
200 1 17128 384
300 2 35523 552
300 2 35696 567
300 2 36080 573
300 0 35348 555
300 0 37160 567
300 0 33977 566
300 0 34409 555
300 1 35811 559
300 0 36001 561
300 3 35345 568
400 1 62558 750
400 0 65349 749
400 0 65841 754
400 0 64808 749
400 0 64006 755
400 0 65585 751
400 1 65575 759
400 1 61696 751
400 0 63085 755
400 0 64578 762
500 0 96863 943
500 0 98551 971
500 1 95773 927
500 0 99813 946
500 0 93859 941
500 0 95832 940
500 0 100483 928
500 1 98271 943
500 1 93885 948
500 0 97286 964
600 1 145258 1125
600 1 139758 1120
600 1 137338 1132
600 1 138991 1128
600 1 141058 1119
600 1 146486 1135
600 1 139328 1136
600 0 139880 1142
600 1 142141 1121
600 1 137067 1137
700 1 187324 1313
700 1 191421 1316
700 1 191703 1321
700 1 188262 1327
700 1 201285 1331
700 1 185851 1341
700 1 191150 1306
700 1 190440 1306
700 1 194172 1322
700 1 190703 1309
800 2 251297 1501
800 2 254161 1514
800 2 245730 1527
800 2 247288 1500
800 1 256874 1529
800 1 254092 1509
800 1 256722 1493
800 2 251139 1527
800 1 244283 1510
800 2 245688 1514
900 2 318047 1709
900 1 312792 1696
900 2 326617 1707
900 2 322814 1667
900 2 308231 1717
900 2 315311 1727
900 3 322537 1737
900 2 316808 1692
900 2 327322 1680
900 1 327221 1704
1000 2 395817 1865
1000 2 388609 1875
1000 2 400039 1888
1000 2 383166 1895
1000 2 406598 1856
1000 3 392797 1880
1000 3 402872 1904
1000 2 380535 1905
1000 2 399669 1907
1000 3 395835 1890
1100 2 468531 2078
1100 5 488487 2054
1100 2 462637 2064
1100 6 475013 2088
1100 6 481586 2065
1100 3 470607 2082
1100 2 469789 2066
1100 1 469493 2068
1100 3 481785 2052
1100 2 465447 2055
1200 3 576155 2305
1200 4 572097 2289
1200 4 550717 2295
1200 2 569517 2255
1200 3 556168 2286
1200 3 554897 2294
1200 3 570627 2293
1200 3 567869 2250
1200 3 562711 2253
1200 2 557114 2269
1300 2 666254 2461
1300 2 679311 2438
1300 2 670964 2472
1300 3 666789 2433
1300 2 675872 2463
1300 2 671861 2442
1300 3 658118 2479
1300 3 653099 2438
1300 2 644244 2426
1300 3 648447 2453
1400 4 772393 2645
1400 2 777807 2623
1400 2 797959 2650
1400 2 783752 2623
1400 3 758187 2672
1400 2 786046 2624
1400 2 758295 2649
1400 3 777363 2647
1400 4 776003 2659
1400 5 769746 2643
1500 4 887424 2839
1500 4 881782 2843
1500 4 887688 2832
1500 4 897241 2851
1500 4 879821 2822
1500 3 892893 2852
1500 4 909742 2805
1500 3 893062 2840
1500 4 904528 2845
1500 4 908553 2846
1600 4 1008089 3035
1600 5 1007159 2988
1600 5 1020725 3020
1600 3 978208 3015
1600 3 1023447 3047
1600 3 1011291 3012
1600 5 1026417 3021
1600 3 1008640 3012
1600 3 1019302 3010
1600 3 1003530 2989
1700 3 1134981 3203
1700 5 1114075 3231
1700 5 1144710 3196
1700 4 1143915 3184
1700 5 1158253 3211
1700 5 1145165 3198
1700 4 1143002 3192
1700 5 1163637 3236
1700 5 1133622 3227
1700 5 1124497 3172
1800 5 1257385 3412
1800 5 1277556 3394
1800 4 1321644 3377
1800 6 1270055 3398
1800 5 1282937 3359
1800 4 1276790 3424
1800 5 1262254 3380
1800 4 1240855 3422
1800 5 1249449 3399
1800 5 1276114 3408
1900 6 1421075 3540
1900 6 1439566 3631
1900 6 1426377 3585
1900 6 1382233 3577
1900 5 1448047 3591
1900 5 1415146 3583
1900 6 1442385 3599
1900 6 1435720 3567
1900 6 1409710 3571
1900 5 1425043 3625
2000 6 1565272 3745
2000 5 1557588 3791
2000 4 1569275 3782
2000 5 1565158 3786
2000 6 1551577 3790
2000 5 1600669 3819
2000 5 1579929 3806
2000 5 1607818 3762
2000 4 1544862 3762
2000 5 1607487 3787
2100 5 1667873 3970
2100 6 1703935 3970
2100 6 1743209 3974
2100 5 1722746 4006
2100 6 1735440 3987
2100 7 1738251 3971
2100 6 1736761 4024
2100 7 1713187 3949
2100 6 1749048 3959
2100 5 1749436 3996
2200 7 1906851 4141
2200 7 1937261 4176
2200 5 1916628 4128
2200 6 1876399 4154
2200 6 1919494 4153
2200 7 1929555 4162
2200 6 1895761 4150
2200 7 1930505 4114
2200 6 1923586 4146
2200 6 1883050 4168
2300 8 2078706 4306
2300 6 2065242 4328
2300 9 2100562 4340
2300 9 2122246 4374
2300 7 2081508 4323
2300 6 2070273 4315
2300 9 2029259 4338
2300 6 2078525 4346
2300 6 2063911 4331
2300 8 2059211 4353
2400 7 2301833 4555
2400 7 2264004 4533
2400 10 2280817 4526
2400 7 2302386 4516
2400 7 2285672 4548
2400 8 2288316 4536
2400 9 2278800 4516
2400 9 2255213 4556
2400 8 2238887 4564
2400 9 2267384 4521
2500 9 2449738 4695
2500 10 2449596 4696
2500 9 2461082 4727
2500 10 2484738 4730
2500 6 2450895 4709
2500 8 2444232 4675
2500 7 2447784 4738
2500 9 2450430 4704
2500 9 2443754 4702
2500 9 2448566 4727
2600 10 2628781 4901
2600 9 2638882 4895
2600 10 2684879 4923
2600 10 2662721 4925
2600 10 2667100 4848
2600 9 2687493 4906
2600 9 2629205 4921
2600 9 2674957 4899
2600 10 2589065 4916
2600 9 2655394 4897
2700 8 2859076 5047
2700 11 2868414 5122
2700 10 2881984 5139
2700 12 2867619 5112
2700 9 2881569 5074
2700 11 2887116 5091
2700 11 2840923 5082
2700 10 2873456 5094
2700 11 2866959 5034
2700 8 2838908 5095
2800 9 3045448 5249
2800 11 3138399 5288
2800 10 3102573 5317
2800 10 3095896 5328
2800 9 3110530 5338
2800 8 3060173 5252
2800 9 3093539 5306
2800 10 3037207 5300
2800 9 3060423 5297
2800 9 3039260 5258
2900 10 3308133 5490
2900 10 3284706 5509
2900 9 3360091 5492
2900 10 3396832 5483
2900 11 3354750 5452
2900 12 3306886 5441
2900 10 3346306 5482
2900 10 3332586 5527
2900 11 3240083 5513
2900 11 3276108 5452
3000 12 3546024 5647
3000 12 3587651 5731
3000 10 3495702 5645
3000 11 3581825 5669
3000 11 3531277 5666
3000 11 3499288 5656
3000 11 3542484 5621
3000 11 3554316 5636
3000 10 3586879 5660
3000 13 3649317 5642
3100 13 3753465 5904
3100 10 3752335 5835
3100 11 3784244 5857
3100 13 3776877 5830
3100 10 3806082 5861
3100 11 3784543 5840
3100 13 3763225 5851
3100 11 3812788 5810
3100 11 3842165 5857
3100 10 3730528 5865
3200 12 3982803 6057
3200 12 4052596 6061
3200 12 3998196 6065
3200 14 4002414 6021
3200 14 4052608 6047
3200 14 4040586 6045
3200 12 4012806 6053
3200 12 4085837 6019
3200 12 4024472 6045
3200 12 4029330 6040
3300 13 4276568 6256
3300 17 4255560 6251
3300 13 4253676 6193
3300 14 4300786 6241
3300 14 4268042 6180
3300 15 4286999 6221
3300 14 4261235 6242
3300 15 4247624 6271
3300 15 4272848 6236
3300 13 4325732 6214
3400 14 4602190 6396
3400 14 4518978 6452
3400 13 4585248 6441
3400 15 4509108 6465
3400 15 4592079 6459
3400 13 4574034 6464
3400 15 4583038 6395
3400 15 4571143 6427
3400 16 4576084 6421
3400 15 4552671 6457
3500 16 4787128 6570
3500 16 4780522 6582
3500 16 4770356 6627
3500 16 4868370 6588
3500 14 4828467 6661
3500 16 4818862 6605
3500 17 4841040 6615
3500 13 4807347 6579
3500 15 4781620 6607
3500 14 4784313 6618
3600 16 5081271 6806
3600 17 5081488 6824
3600 16 5158930 6786
3600 15 5105777 6798
3600 16 5093464 6810
3600 16 5080905 6806
3600 18 5059789 6828
3600 17 5127533 6802
3600 18 5171438 6829
3600 15 5097674 6788
3700 15 5350155 6963
3700 18 5407421 7022
3700 19 5397981 7041
3700 16 5401798 6995
3700 18 5438080 6976
3700 18 5356432 7004
3700 17 5409804 6992
3700 17 5485113 7009
3700 17 5407512 7027
3700 17 5359276 6968
3800 17 5788093 7156
3800 18 5681590 7189
3800 17 5735275 7195
3800 18 5739482 7164
3800 16 5642790 7193
3800 16 5660541 7187
3800 18 5671749 7141
3800 18 5657959 7159
3800 19 5715494 7157
3800 18 5626812 7177
3900 20 5917038 7427
3900 20 6025178 7361
3900 20 5944384 7377
3900 21 6037279 7354
3900 20 5936035 7391
3900 19 6028273 7341
3900 19 5966916 7373
3900 22 5956188 7381
3900 19 5989847 7326
3900 22 5993137 7355
4000 21 6372875 7559
4000 18 6265924 7555
4000 18 6354112 7585
4000 22 6372671 7587
4000 21 6313382 7565
4000 19 6380560 7595
4000 18 6232595 7573
4000 22 6328904 7564
4000 20 6277531 7557
4000 21 6180135 7571
4100 19 6586960 7736
4100 19 6665570 7719
4100 20 6632224 7720
4100 18 6498500 7811
4100 22 6667463 7781
4100 19 6620375 7737
4100 19 6586639 7777
4100 22 6564517 7690
4100 19 6641169 7750
4100 19 6540043 7753
4200 20 6933388 7958
4200 21 6888919 7945
4200 22 6941333 7954
4200 21 6970056 7956
4200 21 6961761 7902
4200 25 6966720 7950
4200 22 6970447 7985
4200 23 6971946 7966
4200 19 6947806 7924
4200 23 6822801 7905
4300 25 7369248 8139
4300 21 7258545 8110
4300 23 7253433 8135
4300 25 7306995 8077
4300 21 7343585 8076
4300 23 7260452 8164
4300 25 7319250 8107
4300 21 7200317 8073
4300 21 7230649 8152
4300 20 7231270 8125
4400 25 7562995 8285
4400 21 7526345 8277
4400 23 7661622 8350
4400 23 7661736 8306
4400 23 7679425 8255
4400 25 7664252 8331
4400 21 7566454 8300
4400 22 7619530 8371
4400 21 7653038 8341
4400 21 7617223 8332
4500 23 7942819 8499
4500 24 7931448 8536
4500 22 7937110 8488
4500 25 7960957 8511
4500 23 7907526 8485
4500 24 7894052 8496
4500 24 7998201 8539
4500 23 8008087 8453
4500 24 7947780 8453
4500 22 7978218 8477
4600 26 8275628 8650
4600 25 8207643 8687
4600 25 8302660 8740
4600 25 8347928 8726
4600 23 8222800 8693
4600 25 8319481 8700
4600 24 8320753 8634
4600 25 8417450 8688
4600 25 8454304 8657
4600 26 8318761 8708
4700 25 8501917 8879
4700 26 8626646 8860
4700 26 8734798 8848
4700 25 8747844 8917
4700 27 8643488 8896
4700 29 8617809 8878
4700 26 8923244 8892
4700 26 8627850 8850
4700 26 8649560 8932
4700 26 8730238 8936
4800 29 9053799 9016
4800 26 8908340 9066
4800 30 9022389 9101
4800 28 9093674 8991
4800 26 9139718 9080
4800 29 9063392 9085
4800 27 9140645 9062
4800 28 9130337 9057
4800 30 9019983 9040
4800 29 9144077 9085
4900 32 9576656 9248
4900 30 9411454 9324
4900 30 9503950 9242
4900 27 9435007 9266
4900 27 9390958 9220
4900 28 9494227 9264
4900 28 9496358 9292
4900 27 9545463 9307
4900 31 9387744 9277
4900 26 9390778 9330
5000 28 9764582 9429
5000 28 9764555 9487
5000 29 9786244 9456
5000 29 9912331 9425
5000 28 9812572 9392
5000 31 9867319 9439
5000 28 9686216 9420
5000 29 9638042 9470
5000 29 9814148 9446
5000 28 9748082 9423
5100 31 10213046 9640
5100 30 10251269 9660
5100 32 10240690 9596
5100 30 10171374 9592
5100 31 10202699 9645
5100 32 10279943 9627
5100 32 10311272 9561
5100 33 10264027 9618
5100 34 10228889 9571
5100 31 10206657 9614
5200 35 10563411 9821
5200 32 10519490 9847
5200 32 10638687 9847
5200 32 10639632 9795
5200 31 10682883 9809
5200 36 10674974 9769
5200 32 10684161 9836
5200 34 10734053 9846
5200 41 10716398 9778
5200 33 10614064 9859
5300 34 11223821 9997
5300 32 11106801 10015
5300 34 10982712 10026
5300 35 11188637 10064
5300 34 10942813 10000
5300 31 11079778 9960
5300 34 11175189 10038
5300 32 11006662 9972
5300 33 11049877 10005
5300 33 11018156 9983
5400 34 11448314 10243
5400 36 11637513 10219
5400 37 11497547 10182
5400 33 11484585 10260
5400 37 11488147 10152
5400 33 11498664 10180
5400 33 11447749 10203
5400 33 11570073 10147
5400 39 11481338 10248
5400 36 11421325 10156
5500 34 11948686 10430
5500 35 11991591 10358
5500 34 11899058 10357
5500 36 11836691 10347
5500 34 11804814 10412
5500 33 11969714 10401
5500 34 11841623 10416
5500 35 12036450 10332
5500 35 11785486 10366
5500 35 11701510 10373
5600 35 12210855 10544
5600 37 12434236 10615
5600 37 12225975 10571
5600 34 12210864 10542
5600 34 12239733 10534
5600 35 12427262 10568
5600 34 12226007 10577
5600 41 12356775 10597
5600 40 12360097 10576
5600 35 12272106 10596
5700 39 12910108 10717
5700 43 12900453 10727
5700 38 12813380 10792
5700 40 12768068 10758
5700 35 12789598 10736
5700 38 12741004 10836
5700 40 12797991 10795
5700 41 12666827 10792
5700 37 12791058 10781
5700 38 12504277 10681
5800 40 13200819 10947
5800 38 13255563 10944
5800 37 13302714 10956
5800 38 13034411 10992
5800 42 13224882 10953
5800 39 13211453 10959
5800 38 13181454 11031
5800 42 13234496 10982
5800 37 13330074 11038
5800 41 13212441 10938
5900 40 13605056 11165
5900 43 13834904 11100
5900 41 13585271 11240
5900 44 13809223 11155
5900 42 13664504 11187
5900 39 13637552 11140
5900 43 13764783 11131
5900 40 13743089 11115
5900 41 13583188 11118
5900 43 13562193 11064
6000 43 14100213 11333
6000 43 14280418 11316
6000 39 14117199 11266
6000 43 14211460 11295
6000 43 14210509 11365
6000 42 14148019 11329
6000 45 14201576 11371
6000 45 14080175 11344
6000 40 14274558 11368
6000 39 14119077 11307
6100 42 14591759 11530
6100 45 14692120 11580
6100 44 14699466 11523
6100 44 14594024 11585
6100 40 14521233 11508
6100 43 14614162 11514
6100 44 14794975 11485
6100 43 14697320 11476
6100 43 14562784 11503
6100 45 14689510 11527
6200 46 15118668 11671
6200 45 15092422 11711
6200 45 14996935 11748
6200 46 15250440 11804
6200 42 15097653 11667
6200 44 15112977 11699
6200 44 15190469 11706
6200 47 15067437 11695
6200 50 15128263 11747
6200 43 15009729 11721
6300 46 15763243 11940
6300 46 15460667 11909
6300 48 15595529 11879
6300 46 15679230 11867
6300 48 15574259 11851
6300 46 15751835 11875
6300 44 15582273 11906
6300 49 15595035 11866
6300 44 15717007 11928
6300 48 15604125 11893
6400 49 15966196 12108
6400 50 16239488 12135
6400 56 16137014 12090
6400 64 16027582 12108
6400 54 16081184 12067
6400 46 16176738 12139
6400 50 16069526 12084
6400 49 16255973 12074
6400 46 15960770 12094
6400 46 16171464 12106
6500 50 16609548 12249
6500 50 16555187 12283
6500 48 16711725 12265
6500 47 16607908 12316
6500 59 16692746 12258
6500 49 16607241 12269
6500 53 16557709 12307
6500 49 16653360 12256
6500 52 16563250 12280
6500 53 16698755 12303
6600 50 17091383 12471
6600 51 17097149 12431
6600 50 17220138 12488
6600 50 17213334 12473
6600 57 17139145 12479
6600 52 17043289 12510
6600 48 17198982 12412
6600 49 17087140 12508
6600 49 17080316 12475
6600 48 17083061 12468
6700 51 17642888 12650
6700 53 17622751 12688
6700 49 17758811 12647
6700 52 17533903 12647
6700 51 17644161 12600
6700 54 17649008 12733
6700 54 17579975 12618
6700 50 17770542 12632
6700 53 17604224 12594
6700 53 17869743 12593
6800 55 18048918 12785
6800 58 17962082 12883
6800 56 18088796 12871
6800 53 18187481 12815
6800 56 18233671 12837
6800 52 18051367 12834
6800 54 18206212 12752
6800 54 18158661 12769
6800 51 18129244 12848
6800 55 18027540 12841
6900 53 18608990 13077
6900 57 18777646 13096
6900 57 18839317 13001
6900 58 18772266 13065
6900 59 18812521 13056
6900 56 18740734 13028
6900 56 18690981 12981
6900 57 18679735 13002
6900 57 18735236 13052
6900 52 18564199 13008
7000 53 19284564 13248
7000 56 19372832 13255
7000 56 19355311 13200
7000 57 19303474 13282
7000 59 19277763 13211
7000 57 19351560 13283
7000 54 19168930 13222
7000 54 19101206 13226
7000 59 19335091 13234
7000 58 19211049 13223
7100 55 19742156 13383
7100 59 19829507 13418
7100 61 19787255 13401
7100 61 19672818 13435
7100 74 19938789 13436
7100 60 19779828 13428
7100 63 19753267 13352
7100 61 19673379 13415
7100 61 19813152 13366
7100 59 19898428 13437
7200 61 20340673 13625
7200 65 20564752 13624
7200 64 20441346 13543
7200 64 20330312 13622
7200 60 20374256 13616
7200 58 20241384 13600
7200 57 20302806 13586
7200 62 20484270 13643
7200 59 20480981 13615
7200 60 20466116 13596
7300 67 20951770 13838
7300 62 20978072 13714
7300 63 21068139 13781
7300 66 20962423 13790
7300 60 20899612 13855
7300 93 21007286 13783
7300 64 20944920 13799
7300 63 20897252 13735
7300 62 20970785 13862
7300 63 20772996 13858
7400 65 21610755 13909
7400 63 21628260 13998
7400 64 21411079 13913
7400 64 21481742 13946
7400 60 21527791 14034
7400 64 21473592 13978
7400 69 21636129 13991
7400 63 21485372 13886
7400 61 21652156 14004
7400 63 21560506 13952
7500 66 22107722 14195
7500 66 22225394 14280
7500 62 22080547 14156
7500 63 22029927 14103
7500 67 22271098 14095
7500 70 22254610 14161
7500 62 22224284 14169
7500 65 22175470 14138
7500 61 22015357 14180
7500 66 22010790 14200
7600 67 22704540 14361
7600 65 22688628 14395
7600 64 22720442 14370
7600 66 22668648 14374
7600 66 22612993 14365
7600 72 22822914 14402
7600 66 22698145 14293
7600 67 22776758 14365
7600 68 22751186 14311
7600 67 22796451 14326
7700 69 23170082 14638
7700 66 23468359 14550
7700 71 23294144 14533
7700 64 23301047 14456
7700 71 23207095 14513
7700 70 23522356 14585
7700 63 23154481 14664
7700 68 23469892 14551
7700 66 23446058 14543
7700 71 23333625 14510
7800 67 24055775 14684
7800 69 23982647 14765
7800 71 23936414 14770
7800 69 23995604 14738
7800 66 23931123 14720
7800 67 24021168 14689
7800 67 23800586 14754
7800 73 23851295 14752
7800 68 23916946 14742
7800 72 24120921 14710
7900 73 24339224 14890
7900 71 24498891 14942
7900 76 24599491 14952
7900 76 24412731 14911
7900 72 24521247 14889
7900 69 24421786 14998
7900 68 24510565 14808
7900 73 24617402 14853
7900 74 24452646 14996
7900 74 24490284 14928
8000 72 24987687 15086
8000 75 25402349 15140
8000 73 25313694 15171
8000 73 24996045 15127
8000 79 25349722 15097
8000 77 25097788 15191
8000 74 25342985 15099
8000 74 25155483 15056
8000 71 25156840 15126
8000 73 25174778 15113
8100 72 25746206 15334
8100 71 25738146 15238
8100 72 25787721 15304
8100 72 25662620 15310
8100 79 25973959 15251
8100 74 25513948 15335
8100 72 25982132 15301
8100 75 25939996 15240
8100 72 25744932 15336
8100 74 25713516 15236
8200 75 26402543 15518
8200 81 26539077 15504
8200 77 26367149 15476
8200 81 26379347 15554
8200 77 26464553 15501
8200 74 26449213 15500
8200 73 26524014 15499
8200 77 26528033 15525
8200 75 26435490 15429
8200 76 26520540 15537
8300 81 26948197 15794
8300 81 27136577 15760
8300 79 27241168 15678
8300 78 27097506 15675
8300 84 27190311 15699
8300 76 27038423 15692
8300 76 26887094 15729
8300 75 27061204 15660
8300 114 27299742 15762
8300 78 27217428 15673
8400 78 27768966 15891
8400 82 27659526 15904
8400 79 27710719 15792
8400 82 27697725 15881
8400 79 27977119 15862
8400 78 27642825 15867
8400 82 27768779 15887
8400 82 27536484 15872
8400 81 27630065 15881
8400 77 27676248 15882
8500 84 28200067 15991
8500 87 28432144 16044
8500 86 28435124 16068
8500 83 28298652 16064
8500 87 28233207 16066
8500 89 28339499 16082
8500 81 28603039 16025
8500 78 28476347 16032
8500 83 28449841 16033
8500 80 28509460 16054
8600 84 29164333 16207
8600 85 29109658 16197
8600 86 28863455 16211
8600 87 29207376 16156
8600 86 29173866 16290
8600 87 29223248 16224
8600 84 28941722 16116
8600 85 29116177 16229
8600 93 29406141 16261
8600 86 29159632 16270
8700 92 29824252 16460
8700 92 29994241 16398
8700 82 29909152 16436
8700 83 30082331 16413
8700 89 29869868 16443
8700 91 29577990 16456
8700 88 29709580 16432
8700 83 29744286 16454
8700 88 29846345 16405
8700 87 29718182 16376
8800 86 30538475 16583
8800 93 30358865 16604
8800 87 30667798 16577
8800 83 30334106 16617
8800 86 30496409 16611
8800 84 30306264 16609
8800 86 30619804 16632
8800 85 30601683 16690
8800 85 30573132 16608
8800 88 30585468 16550
8900 88 31398551 16818
8900 87 31071241 16884
8900 89 31303324 16801
8900 91 31238318 16906
8900 87 30829063 16838
8900 85 31042104 16761
8900 98 31042411 16853
8900 92 31323800 16726
8900 97 31135936 16908
8900 94 31181737 16816
9000 98 31848979 16943
9000 93 32131981 16958
9000 94 31686066 17024
9000 98 31801447 17022
9000 92 31707411 17009
9000 91 32211640 17019
9000 95 31693849 16908
9000 90 31699191 16903
9000 97 31697918 17063
9000 92 31924976 17061
9100 94 32853831 17220
9100 91 32520922 17181
9100 95 32511426 17157
9100 90 32494635 17196
9100 95 32664255 17198
9100 96 32541555 17209
9100 90 32363623 17249
9100 97 32613312 17211
9100 95 32348373 17238
9100 98 32890573 17241
9200 98 33226300 17316
9200 98 33198495 17328
9200 97 33264752 17431
9200 98 33478719 17370
9200 96 33089239 17412
9200 101 33359967 17375
9200 97 33536175 17487
9200 104 33298433 17309
9200 106 33439785 17391
9200 104 33284489 17416
9300 105 33901529 17543
9300 108 34383013 17522
9300 100 33987726 17585
9300 103 33815708 17549
9300 103 34066331 17591
9300 99 33817951 17603
9300 101 34048519 17595
9300 103 34114098 17607
9300 106 34119031 17673
9300 105 33955700 17601
9400 102 34931615 17737
9400 105 34739824 17825
9400 104 34812171 17772
9400 109 35065550 17796
9400 113 34421265 17782
9400 102 34828055 17736
9400 104 34651220 17796
9400 110 34966910 17737
9400 104 34832305 17721
9400 110 34804690 17861
9500 108 35936669 17894
9500 104 35714659 17892
9500 100 35762363 18033
9500 103 35263895 17958
9500 114 35862552 17913
9500 105 35681894 17948
9500 104 35441985 17943
9500 119 35270429 17926
9500 117 35279849 17994
9500 119 35386212 17978
9600 119 35992316 18135
9600 105 36369871 18172
9600 110 36424382 18139
9600 116 36045154 18152
9600 145 36440453 18165
9600 113 36443551 18127
9600 158 36248476 18130
9600 172 36670596 18130
9600 157 36105671 18064
9600 145 36149966 18150
9700 113 36794857 18403
9700 110 37229854 18366
9700 109 37229498 18375
9700 106 37100694 18324
9700 109 37101069 18255
9700 113 37341335 18335
9700 105 36845283 18311
9700 109 36863557 18254
9700 115 37080975 18425
9700 140 37026408 18352
9800 117 38102994 18507
9800 137 37571044 18537
9800 120 37860939 18573
9800 114 37634419 18525
9800 107 37800175 18501
9800 108 37631695 18517
9800 116 37944829 18559
9800 110 37552310 18477
9800 113 37995158 18507
9800 131 37815252 18430
9900 113 38496691 18717
9900 113 38999576 18706
9900 118 38698174 18738
9900 117 38513559 18642
9900 121 38798844 18721
9900 113 38513062 18772
9900 115 38531507 18659
9900 112 38652565 18725
9900 115 38530115 18670
9900 117 38632334 18744
10000 120 39186362 18837
10000 131 39422179 18955
10000 108 39435791 18911
10000 118 38945195 18943
10000 118 39224563 18944
10000 123 39286998 18945
10000 116 39359773 18829
10000 115 39128830 18892
10000 124 39244884 18846
10000 115 39263164 18990
