1000 26 53413 31120
1000 62 52367 30496
1000 4 51129 30267
1000 5 51013 29715
1000 4 53317 31461
1000 3 50124 29067
1000 3 52147 30205
1000 4 53242 30850
1000 3 52768 31002
1000 3 53416 31061
1000 3 52883 30944
2000 7 121602 70465
2000 10 121551 71234
2000 6 117814 68586
2000 4 122786 71045
2000 6 122422 70474
2000 8 119856 69717
2000 3 121279 70573
2000 5 123831 71391
2000 5 123112 70853
2000 5 117434 67898
3000 7 195360 113219
3000 7 197874 113690
3000 8 195340 112747
3000 8 196333 113140
3000 10 197037 113588
3000 11 198899 114586
3000 9 192421 111277
3000 9 192598 111771
3000 9 192417 111690
3000 10 198562 114680
4000 13 276141 159152
4000 13 274146 158002
4000 12 277035 159405
4000 12 274951 158651
4000 11 272831 157483
4000 11 272940 157927
4000 12 276148 159003
4000 9 275717 158840
4000 12 273679 158762
4000 10 270274 156536
5000 13 358671 206888
5000 15 359853 205408
5000 12 356581 204677
5000 11 355628 205153
5000 12 359407 206563
5000 12 360370 207012
5000 12 356777 205667
5000 15 353792 205117
5000 17 358235 206340
5000 18 354357 203185
6000 21 439492 253554
6000 22 443709 254919
6000 17 447425 257866
6000 17 438471 252439
6000 16 440122 253602
6000 9 438724 252066
6000 14 443926 255342
6000 10 443249 255313
6000 9 443323 254936
6000 13 439598 253229
7000 14 529702 304242
7000 11 528291 302513
7000 15 530075 304970
7000 15 531655 305312
7000 15 528429 303844
7000 12 531636 305537
7000 14 527217 303947
7000 17 526151 302468
7000 14 532244 307122
7000 9 528049 303709
8000 13 611971 351647
8000 9 616111 354530
8000 9 620018 356029
8000 8 611283 351358
8000 7 617175 355860
8000 8 615361 354827
8000 8 614865 351555
8000 8 612620 352913
8000 7 617841 353692
8000 8 620894 353734
9000 15 708773 406133
9000 14 709011 405936
9000 14 702125 403436
9000 15 697987 403699
9000 14 710223 405828
9000 10 708145 406563
9000 8 701462 403948
9000 8 710045 407698
9000 13 709603 408036
9000 15 706788 404823
10000 14 792918 454192
10000 14 797601 458785
10000 14 801967 460535
10000 13 798841 458769
10000 14 797920 457345
10000 14 799416 458475
10000 15 793178 454258
10000 22 794727 456429
10000 18 795796 457740
10000 14 802246 458468
11000 15 892139 510877
11000 11 893276 512046
11000 11 876244 502952
11000 11 884157 508670
11000 14 889812 509662
11000 13 890829 509408
11000 10 884940 509119
11000 12 892082 509119
11000 11 894469 513390
11000 11 890409 508643
12000 12 973546 559621
12000 12 986182 565750
12000 11 980013 561484
12000 12 974533 560661
12000 14 993955 568153
12000 12 973875 556636
12000 11 988663 565814
12000 13 972908 558807
12000 12 990626 567234
12000 11 991578 567505
13000 13 1076862 616259
13000 14 1073700 615396
13000 14 1081779 620881
13000 15 1069705 612926
13000 12 1070095 614132
13000 13 1075790 617699
13000 13 1079084 618742
13000 13 1082524 620977
13000 13 1070505 614858
13000 12 1078514 616220
14000 14 1165944 668760
14000 14 1165454 669958
14000 15 1142280 657250
14000 14 1175975 672576
14000 14 1162590 667679
14000 15 1168671 670853
14000 15 1170991 671549
14000 22 1177981 672718
14000 23 1157044 664138
14000 21 1172864 672249
15000 15 1258343 720118
15000 15 1271512 725876
15000 23 1265421 726348
15000 23 1271544 726800
15000 22 1266241 724163
15000 24 1281029 731508
15000 23 1263720 723941
15000 23 1270099 727030
15000 15 1275768 727405
15000 15 1269460 724788
16000 24 1361023 780893
16000 24 1367786 782158
16000 24 1367621 780606
16000 23 1358470 778511
16000 25 1366291 779721
16000 16 1356569 776564
16000 24 1364705 782973
16000 17 1370555 784527
16000 17 1353337 775821
16000 16 1374393 784029
17000 18 1459235 839022
17000 17 1463507 837344
17000 17 1460890 837204
17000 19 1468890 839160
17000 18 1458249 835345
17000 17 1467056 838727
17000 17 1455115 835216
17000 17 1468364 838023
17000 17 1457478 836565
17000 19 1470055 837275
18000 18 1565192 893291
18000 26 1560694 893745
18000 26 1555728 887499
18000 18 1561520 891905
18000 19 1554906 889676
18000 20 1568776 895413
1000 50 52491 30668
1000 10 52855 30763
1000 4 53331 30977
1000 3 53004 30928
1000 3 52385 30728
1000 3 53213 30937
1000 3 53344 31121
1000 3 52547 30821
1000 3 52012 30279
1000 3 51963 29910
2000 7 121485 70662
2000 6 120019 69343
2000 6 121543 70327
2000 6 122444 70973
2000 10 122069 70377
2000 8 121231 70010
2000 5 120958 69705
2000 4 122558 70991
2000 6 120223 70172
2000 5 120476 69871
3000 7 195259 112617
3000 8 197616 114427
3000 7 198603 114413
3000 7 197522 113780
3000 9 195907 113387
3000 7 194110 111871
3000 7 197593 114202
3000 8 195422 112807
3000 6 196208 112727
3000 10 197431 113667
4000 12 275841 158872
4000 10 276548 158672
4000 8 275302 158683
4000 9 269027 156071
4000 10 277326 159593
4000 10 275882 158970
4000 10 276517 158821
4000 9 277906 159829
4000 6 276243 159222
4000 12 277022 160483
5000 16 358554 205688
5000 14 354635 202770
5000 13 360221 205106
5000 8 356360 205014
5000 10 361412 206969
5000 8 356615 205679
5000 11 357809 206136
5000 11 357809 205588
5000 14 358109 205727
5000 12 355585 205191
6000 16 444383 255708
6000 16 440407 253650
6000 15 428129 247744
6000 17 437599 252375
6000 17 443002 256078
6000 16 441622 254014
6000 19 444230 254874
6000 17 445177 255779
6000 13 444447 256164
6000 13 444727 255114
7000 16 530645 304290
7000 16 529586 304384
7000 18 525702 301902
7000 12 512930 295617
7000 14 528771 303783
7000 15 525982 302833
7000 16 532719 305173
7000 16 524249 303140
7000 16 523722 300637
10 14 98 69
